100 1
101 1.01
101 1.01
106 1.06
107 1.07
109 1.09
111 1.11
112 1.12
114 1.14
115 1.15
119 1.19
119 1.19
120 1.2
122 1.22
123 1.23
123 1.23
123 1.23
124 1.24
125 1.25
125 1.25
128 1.28
128 1.28
129 1.29
129 1.29
130 1.3
130 1.3
132 1.32
133 1.33
134 1.34
138 1.38
141 1.41
145 1.45
145 1.45
148 1.48
151 1.51
151 1.51
152 1.52
157 1.57
157 1.57
157 1.57
157 1.57
159 1.59
160 1.6
162 1.62
168 1.68
170 1.7
171 1.71
173 1.73
174 1.74
174 1.74
177 1.77
181 1.81
184 1.84
187 1.87
188 1.88
192 1.92
193 1.93
194 1.94
198 1.98
200 2
203 2.03
205 2.05
206 2.06
209 2.09
209 2.09
210 2.1
211 2.11
216 2.16
217 2.17
216 2.16
218 2.18
224 2.24
225 2.25
226 2.26
228 2.28
229 2.29
231 2.31
232 2.32
232 2.32
234 2.34
235 2.35
239 2.39
240 2.4
243 2.43
244 2.44
252 2.52
254 2.54
259 2.59
263 2.63
264 2.64
265 2.65
264 2.64
264 2.64
268 2.68
268 2.68
272 2.72
275 2.75
280 2.8
280 2.8
281 2.81
284 2.84
283 2.83
284 2.84
283 2.83
288 2.88
293 2.93
293 2.93
296 2.96
299 2.99
301 3.01
300 3
301 3.01
302 3.02
305 3.05
308 3.08
310 3.1
310 3.1
313 3.13
315 3.15
316 3.16
317 3.17
317 3.17
318 3.18
320 3.2
324 3.24
326 3.26
327 3.27
329 3.29
335 3.35
336 3.36
336 3.36
336 3.36
336 3.36
339 3.39
340 3.4
343 3.43
346 3.46
348 3.48
347 3.47
349 3.49
349 3.49
349 3.49
350 3.5
352 3.52
354 3.54
355 3.55
357 3.57
357 3.57
354 3.54
357 3.57
360 3.6
363 3.63
364 3.64
365 3.65
364 3.64
370 3.7
370 3.7
370 3.7
371 3.71
373 3.73
378 3.74257
380 3.76238
382 3.78218
386 3.82178
389 3.85149
392 3.88119
392 3.88119
396 3.92079
401 3.9703
402 3.9802
405 4.0099
406 4.0198
406 4.0198
413 4.08911
415 4.10891
420 4.15842
419 4.14851
424 4.19802
429 4.24752
432 4.27723
434 4.29703
438 4.33663
439 4.34653
439 4.34653
443 4.38614
446 4.41584
448 4.43564
447 4.42574
448 4.43564
449 4.44554
451 4.46535
453 4.48515
454 4.49505
457 4.52475
460 4.55446
465 4.60396
471 4.66337
471 4.66337
474 4.69307
477 4.72277
481 4.76238
484 4.79208
487 4.82178
492 4.87129
495 4.90099
497 4.92079
499 4.94059
498 4.93069
494 4.89109
498 4.93069
502 4.9703
504 4.9901
510 5.0495
510 5.0495
510 5.0495
517 5.11881
520 5.14851
523 5.17822
526 5.20792
526 5.20792
527 5.21782
528 5.22772
528 5.22772
531 5.25743
533 5.27723
530 5.24752
536 5.30693
542 5.36634
538 5.32673
540 5.34653
539 5.33663
539 5.33663
540 5.34653
548 5.42574
552 5.46535
557 5.51485
555 5.49505
554 5.48515
556 5.50495
560 5.54455
564 5.58416
567 5.61386
570 5.64356
576 5.70297
582 5.76238
581 5.75248
585 5.79208
586 5.80198
589 5.83168
590 5.84158
595 5.89109
596 5.90099
597 5.91089
603 5.9703
608 6.0198
608 6.0198
610 6.0396
613 6.06931
616 6.09901
620 6.13861
621 6.14851
620 6.13861
624 6.17822
627 6.20792
630 6.23762
633 6.26733
636 6.29703
638 6.31683
639 6.32673
645 6.38614
649 6.42574
650 6.43564
650 6.43564
654 6.47525
659 6.52475
659 6.52475
665 6.58416
667 6.60396
671 6.64356
678 6.71287
682 6.75248
684 6.77228
684 6.77228
689 6.82178
687 6.80198
690 6.83168
691 6.84158
694 6.87129
693 6.86139
693 6.86139
699 6.92079
706 6.9901
706 6.9901
707 7
706 6.9901
713 7.05941
715 7.07921
714 7.06931
717 7.09901
721 7.13861
722 7.14851
720 7.12871
720 7.12871
723 7.15842
725 7.17822
725 7.17822
727 7.19802
727 7.19802
729 7.21782
732 7.24752
729 7.21782
732 7.24752
734 7.26733
738 7.30693
738 7.30693
741 7.33663
747 7.39604
746 7.38614
751 7.43564
750 7.42574
755 7.47525
759 7.51485
760 7.52475
765 7.57426
772 7.64356
773 7.65347
779 7.71287
780 7.72277
779 7.71287
784 7.76238
785 7.77228
789 7.81188
789 7.81188
795 7.87129
797 7.89109
800 7.92079
804 7.9604
802 7.94059
805 7.9703
805 7.9703
807 7.9901
813 8.0495
816 8.07921
817 8.08911
818 8.09901
822 8.13861
821 8.12871
826 8.17822
829 8.20792
829 8.20792
822 8.13861
823 8.14851
824 8.15842
827 8.18812
828 8.19802
830 8.21782
840 8.31683
841 8.32673
843 8.34653
846 8.37624
847 8.38614
847 8.38614
850 8.41584
849 8.40594
850 8.41584
850 8.41584
853 8.44554
861 8.52475
856 8.47525
857 8.48515
861 8.52475
863 8.54455
864 8.55446
862 8.53465
866 8.57426
871 8.62376
878 8.69307
884 8.75248
886 8.77228
889 8.80198
889 8.80198
892 8.83168
899 8.90099
903 8.94059
908 8.9901
914 9.0495
910 9.0099
917 9.07921
922 9.12871
923 9.13861
930 9.20792
929 9.19802
927 9.17822
932 9.22772
938 9.28713
940 9.30693
941 9.31683
943 9.33663
944 9.34653
945 9.35644
945 9.35644
948 9.38614
956 9.46535
955 9.45545
965 9.55446
966 9.56436
969 9.59406
972 9.62376
979 9.69307
979 9.69307
983 9.73267
989 9.79208
989 9.79208
990 9.80198
1008 9.9802
1013 10.0297
1015 10.0495
1011 10.0099
1010 10
1012 10.0198
1010 10
1008 9.9802
1014 10.0396
1017 10.0693
1026 10.1584
1033 10.2277
1030 10.198
1032 10.2178
1036 10.2574
1041 10.3069
1048 10.3762
1047 10.3663
1051 10.4059
1049 10.3861
1052 10.4158
1057 10.4653
1061 10.505
1063 10.5248
1066 10.5545
1069 10.5842
1077 10.6634
1084 10.7327
1085 10.7426
1084 10.7327
1092 10.8119
1098 10.8713
1102 10.9109
1102 10.9109
1099 10.8812
1107 10.9604
1103 10.9208
1105 10.9406
1111 11
1109 10.9802
1111 11
1123 11.1188
1131 11.198
1130 11.1881
1135 11.2376
1130 11.1881
1133 11.2178
1134 11.2277
1135 11.2376
1133 11.2178
1138 11.2673
1137 11.2574
1144 11.3267
1148 11.3663
1151 11.396
1155 11.4356
1164 11.5248
1167 11.5545
1169 11.5743
1178 11.6634
1174 11.6238
1174 11.6238
1181 11.6931
1191 11.7921
1189 11.7723
1189 11.7723
1193 11.8119
1193 11.8119
1198 11.8614
1204 11.9208
1196 11.8416
1202 11.901
1200 11.8812
1213 12.0099
1215 12.0297
1218 12.0594
1226 12.1386
1230 12.1782
1229 12.1683
1230 12.1782
1235 12.2277
1240 12.2772
1249 12.3663
1246 12.3366
1248 12.3564
1257 12.4455
1263 12.505
1271 12.5842
1278 12.6535
1284 12.7129
1288 12.7525
1292 12.7921
1294 12.8119
1293 12.802
1297 12.8416
1299 12.8614
1305 12.9208
1308 12.9505
1317 13.0396
1320 13.0693
1319 13.0594
1325 13.1188
1335 13.2178
1330 13.1683
1326 13.1287
1334 13.2079
1337 13.2376
1341 13.2772
1349 13.3564
1353 13.396
1359 13.4554
1359 13.4554
1366 13.5248
1372 13.5842
1369 13.5545
1363 13.495
1366 13.5248
1373 13.5941
1371 13.5743
1377 13.6337
1386 13.7228
1388 13.7426
1395 13.8119
1396 13.8218
1396 13.8218
1405 13.9109
1393 13.7921
1390 13.7624
1399 13.8515
1407 13.9307
1416 14.0198
1422 14.0792
1423 14.0891
1429 14.1485
1433 14.1881
1436 14.2178
1443 14.2871
1444 14.297
1456 14.4158
1457 14.4257
1466 14.5149
1472 14.5743
1481 14.6634
1487 14.7228
1483 14.6832
1486 14.7129
1491 14.7624
1493 14.7822
1495 14.802
1503 14.8812
1509 14.9406
1510 14.9505
1510 14.9505
1509 14.9406
1519 15.0396
1533 15.1782
1543 15.2772
1547 15.3168
1548 15.3267
1549 15.3366
1551 15.3564
1557 15.4158
1567 15.5149
1568 15.5248
1568 15.5248
1575 15.5941
1582 15.6634
1593 15.7723
1591 15.7525
1598 15.8218
1597 15.8119
1608 15.9208
1610 15.9406
1610 15.9406
1615 15.9901
1624 16.0792
1629 16.1287
1631 16.1485
1633 16.1683
1648 16.3168
1651 16.3465
1649 16.3267
1654 16.3762
1649 16.3267
1655 16.3861
1660 16.4356
1665 16.4851
1673 16.5644
1677 16.604
1683 16.6634
1692 16.7525
1698 16.8119
1711 16.9406
1709 16.9208
1720 17.0297
1727 17.099
1735 17.1782
1741 17.2376
1741 17.2376
1740 17.2277
1739 17.2178
1750 17.3267
1747 17.297
1752 17.3465
1755 17.3762
1757 17.396
1757 17.396
1763 17.4554
1767 17.495
1771 17.5347
1777 17.5941
1780 17.6238
1780 17.6238
1781 17.6337
1781 17.6337
1791 17.7327
1791 17.7327
1799 17.8119
1798 17.802
1804 17.8614
1806 17.8812
1813 17.9505
1816 17.9802
1818 18
1817 17.9901
1820 18.0198
1820 18.0198
1819 18.0099
1824 18.0594
1827 18.0891
1829 18.1089
1830 18.1188
1828 18.099
1832 18.1386
1839 18.2079
1841 18.2277
1846 18.2772
1852 18.3366
1857 18.3861
1852 18.3366
1846 18.2772
1858 18.396
1858 18.396
1856 18.3762
1860 18.4158
1865 18.4653
1866 18.4752
1869 18.505
1871 18.5248
1876 18.5743
1878 18.5941
1892 18.7327
1892 18.7327
1891 18.7228
1893 18.7426
1902 18.8317
1895 18.7624
1900 18.8119
1895 18.7624
1903 18.8416
1912 18.9307
1917 18.9802
1914 18.9505
1923 19.0396
1934 19.1485
1940 19.2079
1939 19.198
1942 19.2277
1947 19.2772
1955 19.3564
1962 19.4257
1963 19.4356
1965 19.4554
1970 19.505
1978 19.5842
1978 19.5842
1979 19.5941
1977 19.5743
1983 19.6337
1993 19.7327
1995 19.7525
1996 19.7624
1992 19.7228
1990 19.703
1989 19.6931
1983 19.6337
1973 19.5347
1970 19.505
1959 19.396
1968 19.4851
1978 19.5842
1983 19.6337
1983 19.6337
1987 19.6733
1985 19.6535
1996 19.7624
2008 19.8812
2012 19.9208
2009 19.8911
2009 19.8911
2025 20.0495
2034 20.1386
2046 20.2574
2043 20.2277
2046 20.2574
2052 20.3168
2057 20.3663
2061 20.4059
2072 20.5149
2075 20.5446
2081 20.604
2086 20.6535
2083 20.6238
2087 20.6634
2099 20.7822
2110 20.8911
2112 20.9109
2118 20.9703
2124 21.0297
2129 21.0792
2126 21.0495
2133 21.1188
2140 21.1881
2149 21.2772
2155 21.3366
2152 21.3069
2148 21.2673
2153 21.3168
2163 21.4158
2178 21.5644
2182 21.604
2192 21.703
2188 21.6634
2188 21.6634
2196 21.7426
2194 21.7228
2194 21.7228
2193 21.7129
2195 21.7327
2200 21.7822
2197 21.7525
2208 21.8614
2209 21.8713
2211 21.8911
2215 21.9307
2214 21.9208
2218 21.9604
2220 21.9802
2230 22.0792
2245 22.2277
2263 22.4059
2266 22.4356
2278 22.5545
2277 22.5446
2279 22.5644
2288 22.6535
2301 22.7822
2319 22.9604
2320 22.9703
2322 22.9901
2329 23.0594
2345 23.2178
2349 23.2574
2346 23.2277
2357 23.3366
2359 23.3564
2365 23.4158
2380 23.5644
2382 23.5842
2391 23.6733
2390 23.6634
2392 23.6832
2397 23.7327
2408 23.8416
2407 23.8317
2410 23.8614
2412 23.8812
2418 23.9406
2420 23.9604
2430 24.0594
2431 24.0693
2442 24.1782
2444 24.198
2446 24.2178
2449 24.2475
2446 24.2178
2443 24.1881
2443 24.1881
2452 24.2772
2454 24.297
2465 24.4059
2469 24.4455
2468 24.4356
2479 24.5446
2483 24.5842
2490 24.6535
2490 24.6535
2490 24.6535
2505 24.802
2515 24.901
2522 24.9703
2538 25.1287
2536 25.1089
2545 25.198
2541 25.1584
2550 25.2475
2558 25.3267
2571 25.4554
2582 25.5644
2584 25.5842
2586 25.604
2591 25.6535
2588 25.6238
2580 25.5446
2592 25.6634
2595 25.6931
2596 25.703
2596 25.703
2603 25.7723
2606 25.802
2613 25.8713
2614 25.8812
2614 25.8812
2611 25.8515
2629 26.0297
2630 26.0396
2638 26.1188
2659 26.3267
2663 26.3663
2676 26.495
2680 26.5347
2690 26.6337
2697 26.703
2702 26.7525
2712 26.8515
2711 26.8416
2718 26.9109
2715 26.8812
2723 26.9604
2729 26.7549
2720 26.6667
2723 26.6961
2728 26.7451
2743 26.8922
2752 26.9804
2764 27.098
2763 27.0882
2776 27.2157
2787 27.3235
2794 27.3922
2790 27.3529
2797 27.4216
2800 27.451
2813 27.5784
2827 27.7157
2818 27.6275
2812 27.5686
2815 27.598
2820 27.6471
2822 27.6667
2830 27.7451
2839 27.8333
2832 27.7647
2834 27.7843
2847 27.9118
2852 27.9608
2860 28.0392
2857 28.0098
2848 27.9216
2852 27.9608
2853 27.9706
2860 28.0392
2864 28.0784
2868 27.8447
2864 27.8058
2863 27.7961
2862 27.7864
2868 27.8447
2884 28
2889 28.0485
2899 28.1456
2908 28.233
2921 28.3592
2933 28.4757
2929 28.4369
2935 28.4951
2939 28.534
2952 28.6602
2945 28.5922
2937 28.5146
2944 28.5825
2935 28.4951
2934 28.4854
2942 28.5631
2955 28.6893
2958 28.7184
2962 28.7573
2979 28.9223
2977 28.9029
2977 28.9029
2984 28.9709
2986 28.9903
2989 29.0194
3002 29.1456
3004 29.165
3018 29.301
3026 29.3786
3025 29.3689
3028 29.3981
3040 29.5146
3055 29.6602
3061 29.7184
3064 29.7476
3070 29.8058
3076 29.8641
3077 29.8738
3084 29.9417
3088 29.9806
3098 30.0777
3091 30.0097
3082 29.9223
3086 29.9612
3084 29.9417
3076 29.8641
3084 29.9417
3098 30.0777
3100 30.0971
3103 30.1262
3101 30.1068
3104 30.1359
3109 30.1845
3112 30.2136
3119 30.2816
3118 30.2718
3113 30.2233
3115 30.2427
3121 30.301
3136 30.4466
3143 30.5146
3153 30.6117
3152 30.6019
3159 30.6699
3165 30.7282
3160 30.6796
3157 30.6505
3160 30.6796
3163 30.7087
3164 30.7184
3155 30.6311
3155 30.6311
3161 30.6893
3169 30.767
3197 31.0388
3192 30.9903
3209 31.1553
3213 31.1942
3214 31.2039
3224 31.301
3223 31.2913
3228 31.3398
3243 31.4854
3247 31.5243
3242 31.4757
3240 31.4563
3246 31.5146
3251 31.5631
3256 31.6117
3258 31.6311
3267 31.7184
3271 31.7573
3283 31.8738
3280 31.8447
3300 32.0388
3302 32.0583
3310 32.1359
3309 32.1262
3304 32.0777
3300 32.0388
3301 32.0485
3299 32.0291
3321 32.2427
3339 32.4175
3348 32.5049
3346 32.4854
3341 32.4369
3346 32.4854
3335 32.3786
3333 32.3592
3326 32.2913
3328 32.3107
3341 32.4369
3356 32.5825
3369 32.7087
3369 32.7087
3369 32.7087
3372 32.7379
3375 32.767
3400 33.0097
3410 33.1068
3407 33.0777
3425 33.2524
3434 33.3398
3463 33.6214
3458 33.5728
3463 33.6214
3466 33.6505
3451 33.5049
3460 33.5922
3462 33.6117
3457 33.5631
3466 33.6505
3466 33.6505
3467 33.6602
3475 33.7379
3476 33.7476
3483 33.8155
3492 33.9029
3502 34
3506 34.0388
3505 34.0291
3517 34.1456
3523 34.2039
3516 34.1359
3527 34.2427
3534 34.3107
3526 34.233
3532 34.2913
3529 34.2621
3528 34.2524
3521 34.1845
3534 34.3107
3527 34.2427
3531 34.2816
3527 34.2427
3520 34.1748
3514 34.1165
3514 34.1165
3534 34.3107
3542 34.3883
3548 34.4466
3549 34.4563
3550 34.466
3556 34.5243
3566 34.6214
3560 34.5631
3561 34.5728
3562 34.5825
3583 34.7864
3580 34.7573
3573 34.6893
3578 34.7379
3573 34.6893
3570 34.6602
3573 34.6893
3579 34.7476
3582 34.7767
3583 34.7864
3578 34.7379
3577 34.7282
3582 34.7767
3583 34.7864
3597 34.9223
3599 34.9417
3598 34.932
3604 34.9903
3611 35.0583
3605 35
3610 35.0485
3611 35.0583
3630 35.2427
3638 35.3204
3650 35.4369
3654 35.4757
3660 35.534
3660 35.534
3656 35.4951
3654 35.4757
3645 35.3883
3651 35.4466
3662 35.5534
3680 35.7282
3684 35.767
3689 35.8155
3687 35.7961
3694 35.8641
3701 35.932
3709 36.0097
3713 36.0485
3713 36.0485
3716 36.0777
3724 36.1553
3708 36
3722 36.1359
3727 36.1845
3736 36.2718
3739 36.301
3735 36.2621
3742 36.3301
3745 36.3592
3745 36.3592
3751 36.4175
3764 36.5437
3778 36.6796
3786 36.7573
3797 36.8641
3803 36.9223
3809 36.9806
3800 36.8932
3805 36.9417
3812 37.0097
3816 37.0485
3824 37.1262
3832 37.2039
3843 37.3107
3844 37.3204
3848 37.3592
3863 37.5049
3857 37.4466
3861 37.4854
3843 37.3107
3854 37.4175
3872 37.5922
3899 37.8544
3905 37.9126
3905 37.9126
3917 38.0291
3921 38.068
3907 37.932
3916 38.0194
3927 38.1262
3927 38.1262
3924 38.0971
3926 38.1165
3917 38.0291
3917 38.0291
3919 37.6827
3916 37.6538
3926 37.75
3924 37.7308
3916 37.6538
3924 37.7308
3935 37.8365
3940 37.8846
3954 38.0192
3955 38.0288
3964 38.1154
3969 38.1635
3986 38.3269
3980 38.2692
3995 38.4135
4008 38.5385
3991 38.375
4002 38.4808
3999 38.4519
3994 38.4038
3985 38.3173
3985 38.3173
3983 38.2981
3990 38.3654
4001 38.4712
4018 38.6346
4029 38.7404
4033 38.7788
4030 38.75
4038 38.8269
4029 38.7404
4041 38.8558
4046 38.9038
4054 38.9808
4064 39.0769
4076 39.1923
4087 39.2981
4101 39.4327
4106 39.1048
4113 39.1714
4115 39.1905
4108 39.1238
4099 39.0381
4110 39.1429
4118 39.219
4121 39.2476
4126 39.2952
4123 39.2667
4123 39.2667
4112 38.7925
4125 38.9151
4131 38.9717
4130 38.9623
4141 39.066
4143 39.0849
4153 39.1792
4152 39.1698
4149 39.1415
4154 39.1887
4161 39.2547
4166 39.3019
4163 39.2736
4182 39.4528
4171 39.3491
4177 39.4057
4191 39.5377
4208 39.6981
4225 39.8585
4225 39.8585
4239 39.9906
4260 40.1887
4264 40.2264
4282 40.3962
4304 40.6038
4306 40.6226
4320 40.7547
4331 40.8585
4309 40.6509
4307 40.6321
4305 40.6132
4300 40.566
4301 40.5755
4308 40.6415
4316 40.717
4322 40.7736
4319 40.7453
4331 40.8585
4324 40.7925
4333 40.8774
4349 41.0283
4360 41.1321
4368 41.2075
4364 41.1698
4372 41.2453
4368 41.2075
4391 41.4245
4402 41.5283
4403 41.5377
4400 41.5094
4405 41.5566
4409 41.5943
4408 41.5849
4428 41.7736
4429 41.783
4434 41.8302
4436 41.8491
4444 41.9245
4436 41.8491
4429 41.783
4435 41.8396
4441 41.8962
4446 41.9434
4457 42.0472
4454 42.0189
4454 42.0189
4458 42.0566
4464 42.1132
4474 42.2075
4475 42.217
4473 42.1981
4491 42.3679
4493 42.3868
4497 42.4245
4504 42.4906
4504 42.4906
4496 42.4151
4506 42.5094
4493 42.3868
4522 42.6604
4535 42.783
4527 42.7075
4543 42.8585
4557 42.9906
4568 43.0943
4580 43.2075
4591 43.3113
4582 43.2264
4594 43.3396
4604 43.434
4609 43.4811
4608 43.4717
4612 43.5094
4624 43.6226
4617 43.5566
4638 43.7547
4645 43.8208
4655 43.9151
4670 44.0566
4687 44.217
4708 44.4151
4690 44.2453
4696 44.3019
4700 44.3396
4701 44.3491
4721 44.5377
4719 44.5189
4725 44.5755
4730 44.6226
4735 44.6698
4733 44.6509
4742 44.7358
4748 44.7925
4758 44.8868
4749 44.8019
4752 44.8302
4759 44.8962
4774 45.0377
4784 45.1321
4803 45.3113
4802 45.3019
4806 45.3396
4807 45.3491
4800 45.283
4806 45.3396
4820 45.4717
4844 45.6981
4867 45.9151
4871 45.9528
4878 46.0189
4894 46.1698
4884 46.0755
4903 46.2547
4924 46.4528
4912 46.3396
4924 46.4528
4921 46.4245
4927 46.4811
4945 46.6509
4938 46.5849
4935 46.5566
4957 46.7642
4964 46.8302
4963 46.8208
4972 46.9057
4991 47.0849
4980 46.9811
4989 47.066
5005 47.217
4991 47.0849
4998 47.1509
4995 47.1226
4997 47.1415
5001 47.1792
5002 47.1887
5024 47.3962
5035 47.5
5041 47.5566
5061 47.7453
5045 47.5943
5056 47.6981
5081 47.934
5085 47.9717
5092 48.0377
5105 48.1604
5109 48.1981
5110 48.2075
5131 48.4057
5139 48.4811
5146 48.5472
5149 48.5755
5159 48.6698
5165 48.7264
5173 48.8019
5174 48.8113
5174 48.8113
5188 48.9434
5200 49.0566
5191 48.9717
5201 49.066
5231 49.3491
5236 49.3962
5239 49.4245
5239 49.4245
5238 49.4151
5251 49.5377
5252 49.5472
5247 49.5
5267 49.6887
5283 49.8396
5284 49.8491
5279 49.8019
5297 49.9717
5306 50.0566
5311 50.1038
5324 50.2264
5345 50.4245
5335 50.3302
5347 50.4434
5347 50.4434
5370 50.6604
5360 50.566
5365 50.6132
5378 50.7358
5389 50.8396
5401 50.9528
5421 51.1415
5427 51.1981
5420 51.1321
5432 51.2453
5439 51.3113
5431 51.2358
5444 51.3585
5458 51.4906
5478 51.6792
5493 51.8208
5503 51.9151
5512 52
5528 52.1509
5526 52.1321
5517 52.0472
5522 52.0943
5526 52.1321
5535 52.217
5538 52.2453
5543 52.2925
5566 52.5094
5578 52.6226
5599 52.8208
5612 52.9434
5609 52.9151
5626 53.0755
5606 52.8868
5610 52.9245
5626 53.0755
5641 53.217
5644 53.2453
5661 53.4057
5653 53.3302
5669 53.4811
5686 53.6415
5683 53.6132
5680 53.5849
5692 53.6981
5685 53.6321
5699 53.7642
5715 53.9151
5741 54.1604
5736 54.1132
5759 54.3302
5780 54.5283
5804 54.7547
5830 55
5844 55.1321
5848 55.1698
5853 55.217
5860 55.283
5871 55.3868
5876 55.434
5895 55.6132
5897 55.6321
5896 55.6226
5901 55.6698
5888 55.5472
5905 55.7075
5901 55.6698
5906 55.717
5900 55.6604
5918 55.8302
5915 55.8019
5921 55.8585
5927 55.9151
5939 56.0283
5952 56.1509
5972 56.3396
5979 56.4057
6001 56.6132
6016 56.7547
6035 56.934
6029 56.8774
6060 57.1698
6084 57.3962
6094 57.4906
6096 57.5094
6087 57.4245
6088 57.434
6096 57.5094
6103 57.5755
6111 57.6509
6125 57.783
6147 57.9906
6153 58.0472
6184 58.3396
6194 58.434
6202 58.5094
6201 58.5
6210 58.5849
6221 58.6887
6243 58.8962
6256 59.0189
6261 59.066
6264 59.0943
6263 59.0849
6263 59.0849
6276 59.2075
6295 59.3868
6308 59.5094
6328 59.6981
6343 59.8396
6348 59.8868
6369 60.0849
6389 60.2736
6385 60.2358
6371 60.1038
6368 60.0755
6365 60.0472
6371 60.1038
6373 60.1226
6380 60.1887
6380 60.1887
6391 60.2925
6372 60.1132
6374 60.1321
6367 60.066
6379 60.1792
6401 60.3868
6416 60.5283
6414 60.5094
6412 60.4906
6404 60.4151
6412 60.4906
6416 60.5283
6426 60.6226
6434 60.6981
6442 60.7736
6439 60.7453
6436 60.717
6447 60.8208
6466 61
6467 61.0094
6484 61.1698
6496 61.283
6512 61.434
6514 61.4528
6514 61.4528
6515 61.4623
6515 61.4623
6529 61.5943
6527 61.5755
6532 61.6226
6545 61.7453
6543 61.7264
6560 61.8868
6577 62.0472
6574 62.0189
6569 61.9717
6589 62.1604
6570 61.9811
6576 62.0377
6590 62.1698
6603 62.2925
6609 62.3491
6615 62.4057
6614 62.3962
6599 62.2547
6609 62.3491
6628 62.5283
6631 62.5566
6646 62.6981
6665 62.8774
6680 63.0189
6697 63.1792
6699 63.1981
6712 63.3208
6715 63.3491
6722 63.4151
6754 63.717
6748 63.6604
6757 63.7453
6776 63.9245
6791 64.066
6806 64.2075
6826 64.3962
6834 64.4717
6846 64.5849
6852 64.6415
6850 64.6226
6863 64.7453
6878 64.8868
6875 64.8585
6883 64.934
6896 65.0566
6898 65.0755
6909 65.1792
6907 65.1604
6917 65.2547
6926 65.3396
6924 65.3208
6956 65.6226
6956 65.6226
6959 65.6509
6981 65.8585
6986 65.9057
7014 66.1698
7025 66.2736
7026 66.283
7026 66.283
7044 66.4528
7065 66.6509
7060 66.6038
7070 66.6981
7096 66.9434
7085 66.8396
7121 67.1792
7137 67.3302
7127 67.2358
7128 67.2453
7123 67.1981
7126 67.2264
7152 67.4717
7169 67.6321
7160 67.5472
7168 67.6226
7180 67.7358
7196 67.8868
7219 68.1038
7222 68.1321
7241 68.3113
7242 68.3208
7244 68.3396
7236 68.2642
7244 68.9905
7244 68.9905
7257 69.1143
7252 69.0667
7272 69.2571
7293 69.4571
7299 69.5143
7316 69.6762
7310 69.619
7317 69.6857
7320 69.7143
7332 69.8286
7353 70.0286
7362 70.1143
7388 70.3619
7418 70.6476
7427 70.7333
7444 70.8952
7427 70.7333
7436 70.819
7462 71.0667
7483 71.2667
7499 71.419
7485 71.2857
7479 71.2286
7480 71.2381
7476 71.2
7470 71.1429
7469 71.1333
7481 71.2476
7475 71.1905
7465 71.0952
7487 71.3048
7510 71.5238
7510 71.5238
7514 71.5619
7519 71.6095
7534 71.7524
7540 71.8095
7563 72.0286
7570 72.0952
7568 72.0762
7575 72.1429
7594 72.3238
7589 72.2762
7612 72.4952
7609 72.4667
7605 72.4286
7609 72.4667
7639 72.7524
7646 72.819
7640 72.7619
7625 72.619
7621 72.581
7609 72.4667
7638 72.7429
7657 72.9238
7685 73.1905
7695 73.2857
7703 73.3619
7700 73.3333
7717 73.4952
7728 73.6
7726 73.581
7732 73.6381
7741 73.7238
7733 73.6476
7729 73.6095
7760 73.9048
7760 73.9048
7769 73.9905
7787 74.1619
7795 74.2381
7804 74.3238
7811 74.3905
7802 74.3048
7804 74.3238
7797 74.2571
7828 74.5524
7832 74.5905
7850 74.7619
7843 74.6952
7851 74.7714
7868 74.9333
7866 74.9143
7901 75.2476
7912 75.3524
7923 75.4571
7922 75.4476
7932 75.5429
7936 75.581
7946 75.6762
7952 75.7333
7964 75.8476
7947 75.6857
7972 75.9238
7973 75.9333
7987 76.0667
7983 76.0286
7999 76.181
8011 76.2952
8029 76.4667
8042 76.5905
8048 76.6476
8029 76.4667
8042 76.5905
8061 76.7714
8060 76.7619
8041 76.581
8070 76.8571
8081 76.9619
8084 76.9905
8089 77.0381
8104 77.181
8110 77.2381
8100 77.1429
8100 77.1429
8107 77.2095
8103 77.1714
8116 77.2952
8120 77.3333
8138 77.5048
8145 77.5714
8150 77.619
8173 77.8381
8175 77.8571
8186 77.9619
8202 78.1143
8236 78.4381
8239 78.4667
8248 78.5524
8248 78.5524
8234 78.419
8231 78.3905
8241 78.4857
8268 78.7429
8278 78.8381
8283 78.8857
8270 78.7619
8291 78.9619
8306 79.1048
8323 79.2667
8347 79.4952
8369 79.7048
8385 79.8571
8396 79.9619
8413 80.1238
8408 80.0762
8445 80.4286
8431 80.2952
8449 80.4667
8454 80.5143
8458 80.5524
8477 80.7333
8472 80.6857
8491 80.8667
8502 80.9714
8499 80.9429
8484 80.8
8501 80.9619
8498 80.9333
8512 81.0667
8541 81.3429
8560 81.5238
8553 81.4571
8554 81.4667
8569 81.6095
8579 81.7048
8573 81.6476
8611 82.0095
8618 82.0762
8609 81.9905
8633 82.219
8637 82.2571
8639 82.2762
8647 82.3524
8654 82.419
8652 82.4
8665 82.5238
8660 82.4762
8674 82.6095
8668 82.5524
8685 82.7143
8670 82.5714
8659 82.4667
8636 82.2476
8654 82.419
8639 82.2762
8645 82.3333
8653 82.4095
8671 82.581
8658 82.4571
8659 82.4667
8650 82.381
8656 82.4381
8669 82.5619
8658 82.4571
8665 82.5238
8706 82.9143
8709 82.1604
8716 82.2264
8707 82.1415
8707 82.1415
8747 82.5189
8765 82.6887
8770 82.7358
8770 82.7358
8770 82.7358
8765 82.6887
8784 82.8679
8793 82.9528
8810 83.1132
8794 82.9623
8816 83.1698
8817 83.1792
8798 83
8807 83.0849
8824 83.2453
8824 83.2453
8829 83.2925
8846 83.4528
8864 83.6226
8897 83.934
8906 84.0189
8900 83.9623
8916 84.1132
8930 84.2453
8927 84.217
8932 84.2642
8931 84.2547
8924 84.1887
8950 84.434
8960 84.5283
9006 84.9623
9016 85.0566
9011 85.0094
8999 84.8962
8989 84.8019
9001 84.9151
8997 84.8774
9012 85.0189
9024 85.1321
9024 85.1321
9034 85.2264
9049 85.3679
9060 85.4717
9083 85.6887
9083 85.6887
9090 85.7547
9083 85.6887
9098 85.8302
9099 85.8396
9113 85.9717
9124 86.0755
9127 86.1038
9136 86.1887
9140 86.2264
9137 86.1981
9164 86.4528
9170 86.5094
9193 86.7264
9192 86.717
9214 86.9245
9226 87.0377
9239 87.1604
9250 87.2642
9247 87.2358
9252 87.283
9267 87.4245
9275 87.5
9285 87.5943
9288 87.6226
9286 87.6038
9307 87.8019
9340 88.1132
9377 88.4623
9402 88.6981
9406 88.7358
9408 88.7547
9434 89
9443 89.0849
9455 89.1981
9469 89.3302
9482 89.4528
9492 89.5472
9502 89.6415
9500 89.6226
9530 89.9057
9556 90.1509
9571 90.2925
9582 90.3962
9576 90.3396
9557 90.1604
9566 90.2453
9581 90.3868
9595 90.5189
9606 90.6226
9617 90.7264
9625 90.8019
9639 90.934
9653 91.066
9664 91.1698
9677 91.2925
9682 91.3396
9701 91.5189
9713 91.6321
9730 91.7925
9736 91.8491
9750 91.9811
9787 92.3302
9807 92.5189
9833 92.7642
9874 93.1509
9893 93.3302
9891 93.3113
9916 93.5472
9925 93.6321
9951 93.8774
9957 93.934
9991 94.2547
9997 94.3113
10026 94.5849
10049 94.8019
10084 95.1321
10078 95.0755
10095 95.2358
10112 95.3962
10157 95.8208
10166 95.9057
10200 96.2264
10207 96.2925
10207 96.2925
10213 96.3491
10207 96.2925
10221 96.4245
10201 96.2358
10216 96.3774
10230 96.5094
10250 96.6981
10255 96.7453
10252 96.717
10272 96.9057
10282 97
10300 97.1698
10319 97.3491
10323 97.3868
10330 96.5421
10362 96.8411
10365 96.8692
10381 97.0187
10405 97.243
10424 97.4206
10415 97.3364
10413 97.3178
10423 97.4112
10432 97.4953
10447 97.6355
10451 97.6729
10447 97.6355
10430 97.4766
10449 97.6542
10458 97.7383
10452 97.6822
10478 97.9252
10471 97.8598
10475 97.8972
10497 98.1028
10521 98.3271
10525 98.3645
10530 98.4112
10522 98.3364
10531 98.4206
10549 98.5888
10543 98.5327
10560 98.6916
10573 98.8131
10560 98.6916
10588 98.9533
10560 98.6916
10563 98.7196
10564 98.729
10582 98.8972
10586 98.9346
10592 98.9907
10605 99.1121
10629 99.3364
10625 99.2991
10640 99.4393
10645 99.486
10645 99.486
10666 99.6822
10659 99.6168
10649 99.5234
10651 99.5421
10631 99.3551
10635 99.3925
10625 99.2991
10626 99.3084
10657 98.6759
10655 98.6574
10661 98.713
10669 98.787
10700 99.0741
10706 99.1296
10719 99.25
10718 99.2407
10728 99.3333
10717 99.2315
10712 99.1852
10713 99.1944
10730 99.3519
10733 99.3796
10750 99.537
10757 99.6019
10766 99.6852
10791 99.9167
10802 100.019
10794 99.9444
10800 100
10791 99.9167
10817 100.157
10796 99.963
10801 100.009
10804 100.037
10825 100.231
10836 100.333
10838 100.352
10841 100.38
10845 100.417
10865 100.602
10870 99.7248
10881 99.8257
10889 99.8991
10883 99.844
10892 99.9266
10913 100.119
10936 100.33
10948 100.44
10955 100.505
10962 100.569
10985 100.78
11003 100.945
11029 101.183
11048 101.358
11061 101.477
11083 101.679
11077 101.624
11070 101.56
11091 101.752
11117 101.991
11137 102.174
11152 102.312
11159 102.376
11173 102.505
11169 102.468
11143 102.229
11143 102.229
11162 102.404
11171 102.486
11193 102.688
11201 102.761
11196 102.716
11220 102.936
11230 103.028
11249 103.202
11264 103.339
11289 103.569
11294 103.615
11315 103.807
11316 103.817
11331 103.954
11350 104.128
11359 104.211
11358 104.202
11364 104.257
11376 104.367
11394 104.532
11379 104.394
11397 104.56
11396 104.55
11428 104.844
11434 104.899
11442 104.972
11447 105.018
11484 105.358
11496 105.468
11506 105.56
11505 105.55
11518 105.67
11529 105.771
11518 105.67
11536 105.835
11554 105.036
11592 104.432
11596 104.468
11598 104.486
11616 104.649
11640 104.865
11642 104.883
11639 104.856
11655 105
11688 105.297
11687 105.288
11683 105.252
11682 105.243
11691 105.324
11707 105.468
11699 105.396
11712 105.514
11742 105.784
11726 105.64
11738 105.748
11745 105.811
11766 106
11752 105.874
11749 105.847
11752 105.874
11739 105.757
11756 105.91
11759 105.937
11782 106.144
11772 106.054
11787 106.189
11792 106.234
11775 106.081
11770 106.036
11754 105.892
11777 106.099
11777 106.099
11785 105.223
11807 105.42
11803 105.384
11816 105.5
11846 105.768
11865 105.938
11885 106.116
11882 106.089
11883 106.098
11932 106.536
11962 106.804
11968 106.857
11991 107.062
11996 107.107
12009 107.223
11994 107.089
12024 107.357
12055 107.634
12101 108.045
12126 108.268
12138 108.375
12143 108.42
12175 108.705
12189 108.83
12188 108.821
12204 108.964
12211 109.027
12231 109.205
12228 109.179
12204 108.964
12201 108.938
12202 108.946
12221 109.116
12231 109.205
12256 109.429
12267 109.527
12298 109.804
12312 109.929
12337 110.152
12329 110.08
12337 110.152
12359 110.348
12365 110.402
12374 110.482
12390 110.625
12388 110.607
12385 110.58
12396 110.679
12405 110.759
12422 110.911
12443 111.098
12465 111.295
12467 111.312
12486 111.482
12481 111.438
12500 111.607
12509 111.688
12519 111.777
12529 111.866
12574 112.268
12592 112.429
12625 112.723
12616 112.643
12626 112.732
12678 113.196
12707 113.455
12730 113.661
12757 113.902
12763 112.947
12756 112.885
12756 112.885
12756 112.885
12769 113
12765 112.965
12761 112.929
12770 113.009
12788 113.168
12801 113.283
12851 113.726
12873 113.92
12878 113.965
12865 113.85
12880 113.982
12902 114.177
12929 114.416
12938 114.496
12946 114.566
12940 114.513
12930 114.425
12938 114.496
12953 114.628
12966 114.743
12975 114.823
12976 114.832
12959 114.681
12962 114.708
12925 114.381
12925 114.381
12969 114.77
12973 114.805
12967 114.752
13004 115.08
12987 114.929
13006 115.097
13047 115.46
13061 115.584
13069 115.655
13100 115.929
13097 115.903
13123 116.133
13148 116.354
13160 116.46
13186 116.69
13229 117.071
13263 117.372
13245 117.212
13285 117.566
13278 117.504
13305 117.743
13326 117.929
13334 118
13349 118.133
13364 118.265
13383 118.434
13391 118.504
13415 118.717
13406 118.637
13443 118.965
13448 119.009
13453 119.053
13455 119.071
13471 119.212
13463 119.142
13480 119.292
13484 119.327
13513 119.584
13544 119.858
13564 120.035
13573 120.115
13548 119.894
13539 119.814
13565 120.044
13590 120.265
13573 120.115
13584 120.212
13590 120.265
13612 120.46
13624 120.566
13665 120.929
13664 120.92
13671 120.982
13669 120.965
13692 121.168
13691 121.159
13734 121.54
13748 121.664
13788 122.018
13805 122.168
13807 122.186
13797 122.097
13841 122.487
13869 122.735
13887 122.894
13904 123.044
13918 123.168
13931 123.283
13943 123.389
13936 123.327
13984 123.752
13979 123.708
13985 123.761
13990 123.805
13986 123.77
14021 124.08
14050 124.336
14056 124.389
14066 124.478
14086 124.655
14103 124.805
14111 124.876
14145 125.177
14174 125.434
14220 125.841
14227 125.903
14242 126.035
14245 126.062
14302 126.566
14303 126.575
14276 126.336
14298 126.531
14321 126.735
14344 126.938
14349 126.982
14345 126.947
14373 127.195
14369 127.159
14362 127.097
14393 127.372
14373 127.195
14394 127.381
14405 127.478
14413 127.549
14415 127.566
14441 127.796
14469 128.044
14455 127.92
14468 128.035
14503 128.345
14519 128.487
14513 128.434
14523 128.522
14543 128.699
14554 128.796
14559 128.841
14595 129.159
14601 129.212
14616 129.345
14639 129.549
14634 129.504
14643 129.584
14652 129.664
14680 129.912
14675 129.867
14703 130.115
14762 130.637
14780 130.796
14782 130.814
14817 131.124
14833 131.265
14846 131.381
14838 131.31
14831 131.248
14865 131.549
14894 131.805
14913 131.973
14929 132.115
14936 132.177
14955 132.345
14978 132.549
15023 132.947
15034 133.044
15076 133.416
15097 133.602
15104 133.664
15136 133.947
15134 133.929
15172 134.265
15185 134.381
15211 134.611
15218 134.673
15264 135.08
15254 134.991
15269 135.124
15248 134.938
15261 135.053
15280 135.221
15268 135.115
15278 135.204
15278 135.204
15276 135.186
15317 135.549
15346 135.805
15362 135.947
15380 136.106
15390 136.195
15374 136.053
15413 136.398
15441 136.646
15430 136.549
15472 136.92
15490 137.08
15538 137.504
15577 137.85
15593 137.991
15616 138.195
15614 138.177
15630 138.319
15623 138.257
15653 138.522
15666 138.637
15660 138.584
15641 138.416
15674 138.708
15662 138.602
15699 138.929
15679 137.535
15679 137.535
15711 137.816
15729 137.974
15758 138.228
15778 138.404
15787 138.482
15807 138.658
15829 138.851
15856 139.088
15852 139.053
15851 139.044
15854 139.07
15888 139.368
15921 139.658
15913 139.588
15927 139.711
15951 139.921
15963 140.026
15973 140.114
16011 140.447
16008 140.421
16032 140.632
16008 140.421
16021 140.535
16017 140.5
16047 140.763
16063 140.904
16057 140.851
16057 140.851
16093 141.167
16103 141.254
16104 141.263
16113 141.342
16134 141.526
16148 141.649
16152 141.684
16149 141.658
16163 141.781
16192 142.035
16184 141.965
16188 142
16190 142.018
16204 142.14
16215 142.237
16241 142.465
16247 142.518
16258 142.614
16308 143.053
16348 142.157
16382 142.452
16404 142.643
16412 142.713
16408 142.678
16423 142.809
16396 142.574
16432 142.887
16449 143.035
16488 143.374
16498 143.461
16501 143.487
16565 144.043
16576 144.139
16587 144.235
16592 144.278
16614 144.47
16637 144.67
16683 145.07
16671 144.965
16708 145.287
16721 145.4
16752 145.67
16792 146.017
16846 146.487
16877 146.757
16897 146.93
16902 145.707
16927 145.922
16946 146.086
16974 146.328
16982 146.397
16992 146.483
16993 146.491
17010 146.638
17047 146.957
17064 147.103
17056 147.034
17076 147.207
17049 146.974
17088 147.31
17117 147.56
17139 147.75
17174 148.052
17207 148.336
17238 148.603
17210 148.362
17233 148.56
17229 148.526
17224 148.483
17256 148.759
17295 149.095
17319 149.302
17337 149.457
17335 149.44
17354 149.603
17332 148.137
17325 148.077
17329 148.111
17329 148.111
17314 147.983
17353 148.316
17385 148.59
17391 148.641
17407 148.778
17425 148.932
17479 149.393
17464 149.265
17471 149.325
17491 149.496
17478 149.385
17468 149.299
17485 149.444
17512 149.675
17515 149.701
17536 149.88
17564 150.12
17551 150.009
17554 150.034
17582 150.274
17616 149.288
17664 149.695
17659 149.653
17635 149.449
17625 149.364
17645 149.534
17652 149.593
17651 149.585
17688 149.898
17704 150.034
17699 149.992
17725 150.212
17723 150.195
17740 150.339
17772 150.61
17775 150.636
17802 150.864
17815 150.975
17815 150.975
17876 151.492
17906 151.746
17938 152.017
17959 152.195
17974 152.322
18002 152.559
17999 152.534
18020 152.712
18030 152.797
18085 153.263
18123 153.585
18138 153.712
18141 153.737
18158 153.881
18194 154.186
18196 154.203
18202 154.254
18196 154.203
18206 154.288
18230 154.492
18237 154.551
18269 154.822
18327 155.314
18346 155.475
18390 155.847
18388 155.831
18415 156.059
18406 155.983
18430 156.186
18477 156.585
18496 156.746
18508 156.847
18558 157.271
18576 156.101
18573 156.076
18595 156.261
18584 156.168
18603 156.328
18611 156.395
18621 156.479
18625 156.513
18611 156.395
18676 156.941
18706 157.193
18733 157.42
18801 157.992
18805 158.025
18819 158.143
18819 158.143
18890 158.739
18912 158.924
18929 159.067
18957 159.303
18963 159.353
19014 159.782
19044 160.034
19071 160.261
19080 160.336
19060 160.168
19105 160.546
19114 160.622
19135 160.798
19128 160.739
19122 160.689
19100 160.504
19101 160.513
19097 160.479
19122 160.689
19125 160.714
19130 160.756
19148 160.908
19146 160.891
19155 160.966
19176 161.143
19189 161.252
19222 161.529
19245 161.723
19274 161.966
19273 161.958
19306 162.235
19304 162.218
19308 162.252
19350 162.605
19363 162.714
19392 162.958
19416 163.16
19469 162.242
19493 162.442
19521 162.675
19523 162.692
19545 162.875
19581 163.175
19597 163.308
19579 163.158
19559 162.992
19585 163.208
19583 163.192
19589 163.242
19620 163.5
19635 163.625
19616 163.467
19652 163.767
19683 164.025
19694 164.117
19722 164.35
19785 164.875
19798 164.983
19824 165.2
19858 165.483
19880 165.667
19899 165.825
19917 165.975
19918 165.983
19944 166.2
19995 166.625
19976 166.467
20003 166.692
20017 166.808
20053 167.108
20039 166.992
20044 167.033
20040 167
20058 167.15
20108 167.567
20131 167.758
20134 167.783
20156 167.967
20195 168.292
20226 168.55
20251 168.758
20279 168.992
20294 169.117
20285 169.042
20293 169.108
20319 169.325
20360 169.667
20379 169.825
20414 170.117
20409 170.075
20440 170.333
20455 170.458
20483 170.692
20479 170.658
20496 170.8
20485 170.708
20469 170.575
20486 170.717
20481 170.675
20527 171.058
20530 171.083
20573 171.442
20604 171.7
20614 171.783
20619 171.825
20630 171.917
20680 172.333
20686 172.383
20718 172.65
20738 172.817
20779 173.158
20764 173.033
20808 173.4
20829 173.575
20866 173.883
20901 174.175
20902 174.183
20949 174.575
20973 174.775
20974 174.783
20982 174.85
20992 174.933
21004 175.033
21045 175.375
21091 175.758
21091 175.758
21090 175.75
21101 174.388
21128 174.612
21174 174.992
21159 174.868
21182 175.058
21209 175.281
21230 175.455
21272 175.802
21317 176.174
21328 176.264
21367 176.587
21368 176.595
21372 176.628
21412 176.959
21461 177.364
21492 177.62
21507 177.744
21526 177.901
21563 178.207
21564 178.215
21572 178.281
21576 178.314
21602 178.529
21644 178.876
21680 179.174
21698 179.322
21720 179.504
21771 179.926
21801 180.174
21852 180.595
21931 181.248
21902 181.008
21907 181.05
21956 181.455
22002 181.835
22024 182.017
22046 182.198
22070 182.397
22054 182.264
22069 182.388
22064 182.347
22092 182.579
22087 182.537
22068 182.38
22082 182.496
22093 182.587
22098 182.628
22120 182.81
22153 183.083
22157 183.116
22172 181.738
22222 182.148
22253 182.402
22309 182.861
22360 183.279
22395 183.566
22402 183.623
22438 183.918
22441 183.943
22468 184.164
22509 184.5
22561 184.926
22570 185
22550 184.836
22600 185.246
22622 185.426
22642 185.59
22672 185.836
22674 185.852
22672 185.836
22653 185.68
22686 185.951
22727 186.287
22735 186.352
22765 186.598
22778 186.705
22771 186.648
22812 186.984
22803 186.91
22815 187.008
22822 187.066
22849 187.287
22882 187.557
22939 188.025
22969 188.27
22967 188.254
23019 188.68
23038 188.836
23039 188.844
23040 188.852
23047 188.91
23091 189.27
23099 189.336
23112 189.443
23156 189.803
23148 189.738
23172 189.934
23141 189.68
23176 189.967
23195 190.123
23228 190.393
23201 190.172
23202 190.18
23215 190.287
23240 190.492
23260 190.656
23266 190.705
23300 190.984
23349 191.385
23328 191.213
23351 191.402
23375 191.598
23370 191.557
23406 191.852
23421 191.975
23401 191.811
23412 191.902
23461 192.303
23476 192.426
23517 192.762
23507 192.68
23517 192.762
23544 192.984
23555 193.074
23548 193.016
23555 193.074
23593 193.385
23615 193.566
23628 193.672
23659 193.926
23699 194.254
23705 194.303
23731 194.516
23725 194.467
23801 195.09
23816 195.213
23817 195.221
23844 195.443
23831 195.336
23857 195.549
23838 195.393
23850 195.492
23879 195.73
23930 196.148
23948 196.295
23974 196.508
23990 196.639
23996 196.689
24009 196.795
24045 197.09
24050 197.131
24069 197.287
24060 197.213
24118 197.689
24142 197.885
24196 198.328
24223 198.549
24237 198.664
24262 198.869
24280 199.016
24320 199.344
24323 199.369
24366 199.721
24390 199.918
24367 199.73
24377 199.811
24382 199.852
24388 199.902
24414 200.115
24434 200.279
24483 200.68
24486 200.705
24508 200.885
24548 201.213
24542 201.164
24564 201.344
24576 201.443
24626 201.852
24692 202.393
24718 202.607
24709 202.533
24733 202.73
24770 203.033
24795 203.238
24821 203.451
24889 204.008
24884 203.967
24948 204.492
24978 204.738
25007 204.975
25033 205.189
25057 205.385
25085 205.615
25085 205.615
25113 205.844
25131 205.992
25134 206.016
25203 206.582
25262 207.066
25315 207.5
25347 207.762
25384 208.066
25395 208.156
25395 208.156
25390 208.115
25413 208.303
25414 208.311
25415 208.32
25458 208.672
25492 208.951
25533 209.287
25534 209.295
25547 209.402
25580 209.672
25610 209.918
25650 210.246
25649 210.238
25672 210.426
25708 210.721
25708 210.721
25706 210.705
25750 211.066
25761 211.156
25789 211.385
25850 211.885
25861 211.975
25873 212.074
25913 212.402
25947 212.68
25938 212.607
25969 212.861
25944 212.656
25965 212.828
25974 212.902
26001 213.123
25969 212.861
25976 212.918
26012 213.213
26032 213.377
26023 213.303
26062 213.623
26083 213.795
26106 213.984
26090 213.852
26117 214.074
26142 214.279
26143 214.287
26167 214.484
26175 214.549
26207 214.811
26218 214.902
26264 215.279
26308 213.886
26313 213.927
26352 214.244
26416 214.764
26449 215.033
26467 215.179
26433 214.902
26491 213.637
26511 213.798
26577 214.331
26598 214.5
26622 214.694
26655 214.96
26642 214.855
26655 214.96
26668 215.065
26692 215.258
26685 215.202
26724 215.516
26761 215.815
26783 215.992
26817 216.266
26819 216.282
26842 214.736
26852 214.816
26867 214.936
26879 215.032
26889 215.112
26928 215.424
26945 215.56
27017 216.136
27014 216.112
27069 216.552
27091 216.728
27120 216.96
27143 217.144
27148 217.184
27140 217.12
27172 217.376
27217 217.736
27222 217.776
27237 217.896
27261 218.088
27253 218.024
27268 218.144
27278 218.224
27344 218.752
27392 219.136
27382 219.056
27377 219.016
27382 219.056
27374 218.992
27399 219.192
27414 219.312
27448 219.584
27477 219.816
27528 220.224
27550 220.4
27598 220.784
27636 221.088
27660 221.28
27692 219.778
27706 219.889
27716 219.968
27762 220.333
27754 220.27
27776 220.444
27797 220.611
27828 220.857
27840 219.213
27906 219.732
27922 219.858
27946 220.047
27991 220.402
28009 220.543
28018 220.614
28000 220.472
28029 220.701
28037 220.764
28086 221.15
28071 221.031
28074 221.055
28076 221.071
28103 221.283
28103 221.283
28118 221.402
28114 221.37
28180 221.89
28198 222.031
28206 222.094
28246 222.409
28274 222.63
28262 222.535
28230 222.283
28272 222.614
28301 222.843
28270 222.598
28230 222.283
28251 220.711
28258 220.766
28267 220.836
28319 221.242
28323 221.273
28367 221.617
28335 221.367
28347 221.461
28412 221.969
28483 222.523
28519 222.805
28538 222.953
28576 223.25
28609 223.508
28677 224.039
28700 224.219
28777 224.82
28799 224.992
28790 224.922
28830 225.234
28879 225.617
28904 225.812
28947 226.148
28958 226.234
28979 226.398
28995 226.523
28986 226.453
29038 226.859
29054 226.984
29064 227.062
29087 227.242
29101 227.352
29134 227.609
29188 228.031
29199 228.117
29224 228.312
29285 228.789
29298 228.891
29308 228.969
29362 229.391
29375 229.492
29361 229.383
29391 229.617
29378 229.516
29396 229.656
29432 229.938
29512 230.562
29521 230.633
29506 230.516
29533 228.938
29567 229.202
29586 229.349
29645 229.806
29651 229.853
29680 230.078
29714 230.341
29744 230.574
29760 230.698
29799 231
29843 231.341
29839 231.31
29862 231.488
29876 231.597
29906 231.829
29934 232.047
29967 232.302
30009 232.628
30035 232.829
30044 232.899
30047 232.922
30087 233.233
30123 233.512
30156 233.767
30152 233.736
30188 234.016
30173 233.899
30137 233.62
30213 234.209
30252 234.512
30315 235
30365 235.388
30402 235.674
30369 235.419
30370 235.426
30354 235.302
30395 235.62
30405 235.698
30384 235.535
30425 235.853
30443 235.992
30460 236.124
30478 236.264
30491 236.364
30516 236.558
30615 237.326
30672 237.767
30688 237.891
30708 238.047
30681 237.837
30743 238.318
30835 239.031
30831 239
30873 239.326
30926 239.736
31002 240.326
30989 240.225
31032 240.558
31051 240.705
31096 241.054
31125 241.279
31160 241.55
31192 241.798
31274 242.434
31297 242.612
31321 242.798
31360 243.101
31364 243.132
31370 243.178
31377 243.233
31392 243.349
31429 243.636
31473 243.977
31495 244.147
31549 244.566
31602 244.977
31679 245.574
31709 245.806
31743 246.07
31771 246.287
31778 246.341
31820 246.667
31878 247.116
31895 247.248
31936 247.566
31988 247.969
32013 248.163
32031 248.302
32109 248.907
32160 249.302
32166 249.349
32167 249.357
32145 249.186
32133 247.177
32213 247.792
32210 247.769
32212 247.785
32270 248.231
32264 248.185
32329 248.685
32370 249
32380 249.077
32406 249.277
32423 249.408
32412 249.323
32494 249.954
32504 250.031
32552 250.4
32565 250.5
32584 250.646
32614 250.877
32631 251.008
32724 251.723
32751 251.931
32748 251.908
32800 252.308
32803 252.331
32833 252.562
32886 252.969
32895 253.038
32919 253.223
32942 253.4
32952 253.477
32972 253.631
33011 253.931
33012 253.938
33052 254.246
33066 254.354
33059 254.3
33094 254.569
33135 254.885
33156 255.046
33189 255.3
33221 255.546
33251 255.777
33294 256.108
33349 256.531
33352 256.554
33407 256.977
33464 257.415
33502 257.708
33502 257.708
33523 257.869
33512 257.785
33572 258.246
33586 258.354
33636 258.738
33656 258.892
33674 259.031
33620 258.615
33647 256.847
33682 257.115
33746 257.603
33750 257.634
33803 258.038
33845 258.359
33889 258.695
33943 259.107
33951 259.168
33989 259.458
34019 259.687
34025 259.733
34033 259.794
34111 260.389
34173 260.863
34243 261.397
34282 261.695
34303 261.855
34352 262.229
34420 262.748
34464 263.084
34495 263.321
34474 263.16
34496 263.328
34516 263.481
34500 263.359
34505 263.397
34502 263.374
34548 263.725
34586 264.015
34651 264.511
34718 265.023
34733 265.137
34742 265.206
34769 265.412
34747 265.244
34769 265.412
34787 265.55
34862 266.122
34835 265.916
34850 266.031
34819 265.794
34822 265.817
34850 266.031
34907 266.466
34925 266.603
34961 266.878
34978 267.008
35013 267.275
35057 267.611
35087 267.84
35122 268.107
35105 267.977
35107 267.992
35148 268.305
35205 268.74
35244 269.038
35285 269.351
35304 269.496
35339 269.763
35355 269.885
35395 270.191
35429 270.45
35474 270.794
35507 271.046
35586 271.649
35613 271.855
35626 271.954
35665 272.252
35719 272.664
35751 272.908
35816 273.405
35832 273.527
35896 274.015
35898 271.955
35923 272.144
35997 272.705
35999 272.72
36026 272.924
36009 272.795
36003 272.75
36012 272.818
36039 273.023
36057 273.159
36029 272.947
36063 273.205
36093 273.432
36137 273.765
36197 274.22
36200 274.242
36224 274.424
36289 274.917
36299 274.992
36330 275.227
36329 275.22
36352 275.394
36353 275.402
36391 275.689
36397 275.735
36406 275.803
36433 276.008
36502 276.53
36518 276.652
36534 276.773
36563 276.992
36555 276.932
36602 277.288
36639 277.568
36672 277.818
36758 278.47
36830 279.015
36837 279.068
36894 279.5
36975 280.114
37021 280.462
37053 280.705
37048 280.667
37107 281.114
37173 281.614
37188 281.727
37207 281.871
37211 281.902
37276 282.394
37308 282.636
37291 282.508
37329 282.795
37396 283.303
37378 283.167
37461 283.795
37478 283.924
37508 284.152
37516 284.212
37515 284.205
37524 284.273
37543 284.417
37645 285.189
37634 285.106
37637 285.129
37688 285.515
37697 285.583
37748 285.97
37788 286.273
37766 286.106
37815 286.477
37826 286.561
37855 286.78
37888 287.03
37973 287.674
37958 287.561
37967 287.629
38042 288.197
38063 288.356
38111 288.72
38089 288.553
38083 288.508
38121 288.795
38176 289.212
38208 289.455
38178 289.227
38160 289.091
38176 289.212
38227 289.598
38283 290.023
38291 290.083
38341 290.462
38357 290.583
38415 291.023
38405 290.947
38389 290.826
38470 291.439
38450 291.288
38492 291.606
38512 291.758
38569 292.189
38664 292.909
38702 293.197
38764 293.667
38819 294.083
38842 294.258
38854 294.348
38894 294.652
38927 294.902
38979 295.295
39020 295.606
39053 295.856
39072 296
39123 296.386
39150 294.361
39205 294.774
39214 294.842
39241 295.045
39294 295.444
39339 295.782
39357 295.917
39405 296.278
39472 296.782
39469 296.759
39523 297.165
39578 297.579
39586 297.639
39597 297.722
39631 297.977
39696 298.466
39758 298.932
39792 299.188
39856 299.669
39853 299.647
39928 300.211
39954 300.406
39998 300.737
40004 300.782
40085 301.391
40077 301.331
40118 301.639
40099 301.496
40116 301.624
40177 302.083
40214 302.361
40196 302.226
40211 302.338
40250 302.632
40309 303.075
40268 302.767
40307 303.06
40278 302.842
40276 302.827
40340 303.308
40383 303.632
40469 304.278
40504 304.541
40553 304.91
40526 304.707
40551 304.895
40577 305.09
40630 305.489
40713 306.113
40744 306.346
40784 306.647
40808 306.827
40814 306.872
40880 307.368
40894 307.474
40893 307.466
40935 307.782
40969 308.038
41024 308.451
41064 308.752
41092 308.962
41148 309.383
41204 309.805
41247 310.128
41284 310.406
41295 310.489
41315 310.639
41346 310.872
41415 311.391
41452 311.669
41432 311.519
41520 312.18
41564 312.511
41601 312.789
41655 313.195
41747 313.887
41764 314.015
41796 314.256
41898 315.023
41985 315.677
42031 316.023
42057 316.218
42084 316.421
42154 316.947
42232 317.534
42296 318.015
42363 318.519
42443 319.12
42493 319.496
42540 319.85
42600 320.301
42624 320.481
42661 320.759
42708 321.113
42742 321.368
42761 321.511
42774 321.609
42813 321.902
42855 322.218
42899 322.549
42944 322.887
43027 323.511
43057 323.737
43061 323.767
43106 324.105
43103 324.083
43203 324.835
43237 325.09
43373 326.113
43419 326.459
43476 326.887
43499 327.06
43595 327.782
43662 328.286
43721 328.729
43752 328.962
43769 329.09
43812 329.414
43859 329.767
43892 330.015
43949 330.444
44008 330.887
44074 331.383
44111 331.662
44143 331.902
44140 331.88
44206 332.376
44190 332.256
44242 332.647
44299 333.075
44344 333.414
44401 333.842
44449 334.203
44475 334.398
44452 334.226
44430 334.06
44512 334.677
44605 335.376
44689 336.008
44756 336.511
44836 337.113
44923 337.767
44963 338.068
45001 338.353
45050 338.722
45081 338.955
45052 338.737
45178 339.684
45242 340.165
45313 340.699
45342 340.917
45382 341.218
45450 341.729
45556 342.526
45592 342.797
45643 343.18
45715 343.722
45753 344.008
45792 344.301
45838 344.647
45851 344.744
45898 345.098
45915 345.226
45935 345.376
45959 345.556
45996 345.835
46033 346.113
46064 346.346
46143 346.94
46221 347.526
46249 347.737
46272 345.313
46325 345.709
46403 346.291
46426 346.463
46478 346.851
46499 347.007
46565 347.5
46592 347.701
46635 345.444
46696 345.896
46778 346.504
46904 347.437
47001 348.156
47080 348.741
47151 349.267
47207 349.681
47291 350.304
47306 350.415
47365 350.852
47415 351.222
47450 351.481
47499 351.844
47523 352.022
47559 352.289
47544 352.178
47558 352.281
47660 353.037
47743 353.652
47769 353.844
47832 354.311
47949 355.178
47998 355.541
47975 355.37
48062 356.015
48119 356.437
48185 356.926
48214 357.141
48278 357.615
48339 358.067
48425 358.704
48473 359.059
48540 359.556
48578 359.837
48635 360.259
48702 360.756
48764 361.215
48901 362.23
48962 360.015
49062 360.75
49122 361.191
49152 361.412
49156 361.441
49201 361.772
49227 361.963
49280 362.353
49298 362.485
49332 362.735
49448 363.588
49523 364.14
49596 364.676
49640 365
49721 365.596
49796 366.147
49822 366.338
49842 363.81
49976 364.788
50008 365.022
50026 365.153
50085 365.584
50194 366.38
50238 366.701
50311 367.234
50345 367.482
50387 367.788
50438 368.161
50477 368.445
50534 368.861
50662 369.796
50658 369.766
50683 369.949
50708 370.131
50765 370.547
50873 371.336
50933 371.774
51023 372.431
51141 373.292
51179 373.569
51158 373.416
51190 373.65
51198 373.708
51303 374.474
51369 374.956
51386 375.08
51483 375.788
51529 376.124
51467 375.672
51495 375.876
51510 375.985
51562 376.365
51603 376.664
51645 376.971
51709 377.438
51711 377.453
51746 377.708
51804 378.131
51842 378.409
51901 378.839
51966 379.314
51991 379.496
52018 379.693
52022 379.723
52090 380.219
52161 380.737
52226 381.212
52219 381.161
52247 381.365
52346 382.088
52429 382.693
52448 382.832
52539 383.496
52640 384.234
52692 384.613
52765 385.146
52836 385.664
52853 385.788
52895 386.095
52936 386.394
52967 386.62
53020 387.007
53086 387.489
53200 388.321
53221 388.474
53307 389.102
53388 389.693
53444 390.102
53518 390.642
53610 391.314
53649 391.599
53684 391.854
53695 391.934
53788 392.613
53853 393.088
53953 393.818
54041 394.46
54082 394.759
54219 395.759
54314 396.453
54348 393.826
54432 394.435
54410 394.275
54522 395.087
54630 395.87
54681 396.239
54731 396.601
54742 396.681
54806 397.145
54819 397.239
54779 396.949
54785 396.993
54828 397.304
54907 397.877
54944 398.145
54980 398.406
55064 399.014
55115 399.384
55162 399.725
55262 400.449
55326 400.913
55403 401.471
55432 401.681
55483 402.051
55595 402.862
55686 403.522
55759 404.051
55758 404.043
55877 404.906
55914 405.174
55961 405.514
56048 406.145
56073 406.326
56133 406.761
56258 407.667
56294 407.928
56359 408.399
56378 408.536
56447 409.036
56609 410.21
56649 410.5
56745 411.196
56771 411.384
56811 411.674
56902 412.333
56939 412.601
57036 413.304
57115 413.877
57194 414.449
57210 414.565
57267 414.978
57283 415.094
57285 415.109
57267 411.993
57351 412.597
57403 412.971
57502 413.683
57556 414.072
57657 414.799
57713 415.201
57786 415.727
57864 416.288
57888 416.46
57966 417.022
58020 417.41
58097 417.964
58210 418.777
58283 419.302
58439 420.424
58500 420.863
58609 421.647
58670 422.086
58724 422.475
58736 422.561
58698 422.288
58729 422.511
58720 422.446
58790 422.95
58814 423.122
58885 423.633
58931 423.964
58962 424.187
59057 424.871
59155 425.576
59190 425.827
59162 425.626
59220 426.043
59293 426.568
59339 426.899
59415 427.446
59500 428.058
59554 428.446
59627 428.971
59718 429.626
59740 429.784
59840 430.504
59881 430.799
59891 430.871
59947 431.273
59997 431.633
60069 432.151
60208 433.151
60297 433.791
60369 434.309
60387 434.439
60436 434.791
60520 435.396
60576 435.799
60602 435.986
60583 435.849
60631 436.194
60630 436.187
60679 436.54
60739 436.971
60820 437.554
60959 438.554
60995 438.813
60978 438.691
60995 438.813
61062 439.295
61100 439.568
61172 440.086
61256 440.691
61340 441.295
61334 441.252
61406 441.77
61437 441.993
61506 442.489
61612 443.252
61677 443.719
61723 444.05
61828 444.806
61900 445.324
61934 445.568
62048 446.388
62129 446.971
62201 447.489
62268 447.971
62447 449.259
62485 449.532
62559 450.065
62646 450.691
62701 451.086
62776 451.626
62786 451.698
62875 452.338
62942 452.82
62984 453.122
63103 453.978
63086 453.856
63147 454.295
63165 454.424
63236 454.935
63335 455.647
63388 456.029
63502 456.849
63622 457.712
63687 458.18
63799 458.986
63852 459.367
63959 460.137
64010 460.504
64053 460.813
64097 461.129
64175 461.691
64309 462.655
64424 463.482
64502 464.043
64580 464.604
64664 465.209
64736 465.727
64774 466
64836 466.446
64975 467.446
65071 468.137
65166 468.82
65239 469.345
65263 469.518
65322 469.942
65387 470.41
65447 470.842
65530 471.439
65521 471.374
65562 471.669
65627 472.137
65712 472.748
65687 472.568
65794 473.338
65820 473.525
65897 474.079
65968 474.59
66050 471.786
66158 472.557
66194 472.814
66276 473.4
66344 473.886
66365 474.036
66472 474.8
66525 475.179
66624 475.886
66731 476.65
66790 477.071
66831 477.364
66875 477.679
66956 478.257
67021 478.721
67088 479.2
67160 479.714
67171 479.793
67240 480.286
67319 480.85
67352 481.086
67446 481.757
67453 481.807
67503 482.164
67454 481.814
67540 482.429
67576 482.686
67683 483.45
67764 484.029
67773 484.093
67804 484.314
67872 484.8
67883 484.879
67930 485.214
68025 485.893
68116 486.543
68172 486.943
68237 487.407
68258 487.557
68360 488.286
68442 488.871
68558 489.7
68654 490.386
68629 490.207
68687 490.621
68792 491.371
68858 491.843
68858 491.843
68901 492.15
68995 492.821
69029 493.064
69080 493.429
69216 494.4
69304 495.029
69338 495.271
69408 495.771
69416 495.829
69474 496.243
69524 496.6
69648 497.486
69647 497.479
69684 497.743
69694 497.814
69748 498.2
69773 498.379
69790 498.5
69856 498.971
69867 499.05
69987 499.907
70023 500.164
70091 500.65
70173 501.236
70223 501.593
70291 502.079
70378 502.7
70493 503.521
70572 504.086
70526 503.757
70577 504.121
70669 504.779
70747 505.336
70756 505.4
70856 506.114
70935 506.679
71050 507.5
71096 507.829
71116 507.971
71253 508.95
71316 509.4
71394 509.957
71467 510.479
71552 511.086
71595 511.393
71652 511.8
71769 512.636
71762 512.586
71825 513.036
71883 513.45
71908 513.629
71982 514.157
72012 514.371
72073 514.807
72103 515.021
72170 515.5
72236 515.971
72353 516.807
72498 517.843
72540 518.143
72614 518.671
72656 518.971
72780 519.857
72800 520
72910 520.786
72978 521.271
73055 521.821
73164 522.6
73216 522.971
73241 523.15
73287 523.479
73391 524.221
73456 524.686
73470 524.786
73484 524.886
73551 525.364
73636 525.971
73676 526.257
73752 526.8
73832 527.371
73864 527.6
73893 527.807
73898 527.843
73970 528.357
74011 528.65
74056 528.971
74060 529
74141 529.579
74150 529.643
74208 530.057
74196 529.971
74268 530.486
74299 530.707
74359 531.136
74381 531.293
74465 531.893
74507 532.193
74596 532.829
74703 533.593
74709 533.636
74794 534.243
74828 534.486
74879 534.85
74960 535.429
75012 535.8
75044 536.029
75042 536.014
75113 536.521
75137 536.693
75120 536.571
75192 537.086
75245 537.464
75284 537.743
75330 538.071
75368 538.343
75400 538.571
75539 539.564
75639 540.279
75736 540.971
75911 542.221
75916 542.257
75955 542.536
76001 542.864
76007 542.907
76060 543.286
76044 543.171
76081 543.436
76105 543.607
76176 544.114
76146 543.9
76136 543.829
76217 544.407
76296 544.971
76283 544.879
76341 545.293
76372 545.514
76452 546.086
76620 547.286
76703 547.879
76784 548.457
76933 549.521
77050 550.357
77136 550.971
77216 551.543
77274 551.957
77336 552.4
77440 553.143
77470 553.357
77572 554.086
77615 554.393
77742 555.3
77806 555.757
77861 556.15
77984 557.029
78110 557.929
78083 557.736
78183 558.45
78328 559.486
78443 560.307
78517 560.836
78592 561.371
78635 561.679
78751 562.507
78777 562.693
78891 563.507
78944 563.886
79032 564.514
79056 564.686
79184 565.6
79291 566.364
79365 566.893
79481 567.721
79607 564.589
79735 565.496
79840 566.241
79966 567.135
80029 567.582
80166 568.553
80218 568.922
80312 569.589
80408 570.27
80539 571.199
80564 571.376
80693 572.291
80828 573.248
80888 573.674
81013 574.56
81093 575.128
81137 575.44
81242 576.184
81323 576.759
81355 576.986
81478 577.858
81504 578.043
81566 578.482
81744 579.745
81884 580.738
81988 581.475
82059 581.979
82056 581.957
82173 582.787
82295 583.652
82387 584.305
82444 584.709
82515 585.213
82587 585.723
82712 586.61
82796 587.206
82866 587.702
82907 587.993
83021 588.801
83033 588.887
83088 589.277
83079 589.213
83140 589.645
83281 590.645
83369 591.27
83430 591.702
83514 592.298
83639 593.184
83683 593.496
83753 593.993
83858 594.738
83907 595.085
84000 595.745
84166 596.922
84268 597.645
84373 598.39
84423 598.745
84557 599.695
84692 600.652
84777 601.255
84840 601.702
84928 602.326
84992 602.78
85083 603.426
85141 603.837
85173 604.064
85277 604.801
85285 604.858
85309 605.028
85315 605.071
85488 606.298
85599 607.085
85734 608.043
85802 608.525
85883 609.099
86065 610.39
86182 611.22
86281 611.922
86384 612.652
86434 613.007
86499 613.468
86666 614.652
86705 614.929
86918 616.44
86960 616.738
86990 616.95
87015 617.128
87035 617.27
87143 618.035
87221 618.589
87233 618.674
87263 618.887
87325 619.326
87388 619.773
87447 620.191
87505 620.603
87591 621.213
87726 622.17
87834 622.936
87997 624.092
88115 624.929
88222 625.688
88300 626.241
88382 626.823
88462 627.39
88580 628.227
88626 628.553
88755 629.468
88815 629.894
88926 630.681
88966 630.965
89023 631.369
89048 631.546
89089 631.837
89182 632.496
89287 633.241
89429 634.248
89479 634.603
89493 634.702
89604 635.489
89661 635.894
89728 636.369
89834 637.121
89907 637.638
90061 638.73
90137 639.27
90267 640.191
90319 640.56
90487 641.752
90529 642.05
90678 643.106
90657 642.957
90723 643.426
90802 643.986
90903 644.702
90958 645.092
91041 645.681
91144 646.411
91198 646.794
91318 647.645
91427 648.418
91540 649.22
91663 650.092
91818 651.191
91910 651.844
92033 652.716
92082 653.064
92221 654.05
92303 650.021
92432 650.93
92494 651.366
92655 652.5
92742 653.113
92890 654.155
93042 655.225
93196 656.31
93276 656.873
93376 657.577
93503 658.472
93584 659.042
93735 660.106
93843 656.245
93896 656.615
94016 657.455
94087 657.951
94232 658.965
94327 659.629
94395 660.105
94506 660.881
94624 661.706
94736 662.49
94809 663
94904 663.664
94999 664.329
95078 664.881
95166 665.497
95243 666.035
95390 667.063
95473 667.643
95560 668.252
95625 668.706
95743 669.531
95857 670.329
96012 671.413
96098 672.014
96101 672.035
96230 672.937
96348 673.762
96433 674.357
96504 674.853
96583 675.406
96626 675.706
96787 676.832
96868 677.399
96996 678.294
97038 678.587
97152 679.385
97220 679.86
97349 680.762
97473 681.629
97519 681.951
97661 682.944
97716 683.329
97755 683.601
97778 683.762
97858 684.322
97902 684.629
98019 680.688
98178 681.792
98275 682.465
98455 683.715
98606 684.764
98711 685.493
98798 686.097
98852 686.472
98884 686.694
98998 687.486
99035 687.743
99165 688.646
99409 690.34
99546 691.292
99646 691.986
99721 692.507
99762 692.792
99843 693.354
99890 693.681
99975 694.271
100057 690.048
100177 690.876
100253 691.4
100297 691.703
100429 692.614
100448 692.745
100498 693.09
100610 693.862
100751 694.834
100851 695.524
100957 696.255
101079 697.097
101215 698.034
101332 698.841
101494 699.959
101660 701.103
101763 701.814
101871 702.559
101917 702.876
102057 703.841
102207 704.876
102238 705.09
102277 705.359
102421 706.352
102508 706.952
102593 707.538
102651 707.938
102712 708.359
102859 709.372
102862 709.393
102948 709.986
103103 711.055
103199 711.717
103275 712.241
103423 713.262
103609 714.545
103758 715.572
103853 716.228
103986 717.145
103954 716.924
104001 717.248
104179 718.476
104360 719.724
104473 720.503
104594 716.397
104680 716.986
104729 717.322
104844 718.11
105010 719.247
105129 720.062
105234 711.041
105385 712.061
105474 712.662
105533 713.061
105677 714.034
105767 714.642
105868 715.324
105981 716.088
106127 717.074
106195 717.534
106342 718.527
106461 719.331
106521 719.736
106583 720.155
106669 720.736
106753 721.304
106837 721.872
106867 722.074
106985 722.872
107060 723.378
107106 723.689
107156 724.027
107254 724.689
107386 725.581
107478 726.203
107561 726.764
107663 727.453
107747 728.02
107853 728.736
108010 729.797
108035 729.966
108126 730.581
108227 731.264
108349 732.088
108571 733.588
108603 733.804
108764 734.892
108917 735.926
109034 736.716
109149 737.493
109353 738.872
109555 740.236
109595 740.507
109665 740.98
109757 741.601
109837 742.142
109993 743.196
110059 743.642
110184 744.486
110307 745.318
110380 745.811
110514 746.716
110712 748.054
110762 748.392
110880 749.189
110975 749.831
111075 750.507
111120 750.811
111206 751.392
111259 751.75
111341 752.304
111423 752.858
111548 753.703
111602 754.068
111730 754.932
111981 756.628
112186 758.014
112180 757.973
112326 758.959
112362 759.203
112497 760.115
112550 760.473
112635 761.047
112724 761.649
112904 762.865
113023 763.669
113203 764.885
113283 765.426
113388 766.135
113535 767.128
113609 767.628
113705 768.277
113836 769.162
113990 770.203
114131 771.155
114266 772.068
114377 772.818
114475 773.48
114615 774.426
114720 775.135
114816 775.784
115010 777.095
115094 777.662
115248 778.703
115338 779.311
115423 779.885
115486 780.311
115573 780.899
115699 781.75
115804 782.459
115931 783.318
115990 783.716
116205 785.169
116337 786.061
116526 787.338
116618 787.959
116738 788.77
116784 789.081
116871 789.669
116900 789.865
117042 790.824
117133 791.439
117272 792.378
117365 793.007
117352 792.919
117412 793.324
117470 793.716
117730 795.473
117865 796.385
118033 797.52
118174 798.473
118269 799.115
118469 800.466
118633 801.574
118739 802.291
118952 803.73
119112 804.811
119263 805.831
119361 806.493
119443 807.047
119555 807.804
119701 808.791
119740 809.054
119797 809.439
119982 810.689
120171 811.966
120318 812.959
120444 813.811
120563 814.615
120704 815.568
120782 816.095
120903 816.912
121046 817.878
121212 819
121331 819.804
121398 820.257
121482 820.824
121642 821.905
121723 822.453
121833 823.196
121965 824.088
122123 825.155
122156 825.378
122314 826.446
122399 827.02
122537 827.953
122623 828.534
122706 829.095
122799 829.723
122887 830.318
123047 831.399
123094 831.716
123322 833.257
123536 834.703
123562 834.878
123715 835.912
123849 836.818
124056 838.216
124172 839
124260 839.595
124332 840.081
124429 840.736
124440 840.811
124500 841.216
124583 841.777
124661 842.304
124723 842.723
124890 843.851
125054 844.959
125144 845.568
125224 846.108
125318 846.743
125461 847.709
125617 848.764
125758 849.716
125951 851.02
126128 852.216
126231 852.912
126367 853.831
126414 854.149
126452 854.405
126573 855.223
126719 856.209
126870 857.23
126977 857.953
127084 858.676
127205 859.493
127364 860.568
127361 860.547
127519 861.615
127574 861.986
127599 862.155
127660 862.568
127838 863.77
127945 864.493
128079 865.399
128176 866.054
128332 867.108
128499 868.236
128640 869.189
128719 869.723
128820 870.405
128960 871.351
129142 872.581
129250 873.311
129399 874.318
129619 875.804
129742 876.635
129875 877.534
129940 877.973
130092 879
130304 880.432
130529 881.953
130635 882.669
130793 883.736
130924 884.622
130946 884.77
130969 884.926
131161 886.223
131352 887.514
131613 889.277
131691 889.804
131814 890.635
131938 891.473
132020 892.027
132181 893.115
132276 893.757
132391 894.534
132515 895.372
132576 895.784
132678 896.473
132798 897.284
132944 898.27
132981 898.52
133117 899.439
133291 900.615
133444 901.649
133622 902.851
133809 904.115
133959 905.128
134100 906.081
134310 907.5
134540 909.054
134700 910.135
134837 911.061
134917 911.601
135111 912.912
135276 914.027
135383 914.75
135461 915.277
135670 916.689
135747 917.209
135959 918.642
136256 920.649
136309 921.007
136453 921.98
136555 916.477
136742 917.732
136846 918.43
136990 919.396
137052 919.812
137260 921.208
137411 922.221
137572 923.302
137721 924.302
137823 924.987
137965 925.94
138103 926.866
138380 928.725
138537 929.779
138621 930.342
138789 931.47
138925 932.383
139167 934.007
139322 935.047
139422 935.718
139564 936.671
139659 937.309
139818 938.376
139931 939.134
140105 940.302
140197 940.919
140370 942.081
140544 943.248
140788 944.886
140866 945.409
140958 946.027
141113 947.067
141245 947.953
141363 948.745
141418 942.787
141565 943.767
141712 944.747
141896 945.973
141995 946.633
142164 947.76
142374 949.16
142591 950.607
142750 951.667
142866 952.44
143061 953.74
143272 955.147
143320 955.467
143521 956.807
143571 957.14
143715 958.1
143939 959.593
144071 960.473
144161 961.073
144425 962.833
144480 963.2
144531 963.54
144632 964.213
144764 965.093
144922 966.147
145083 967.22
145310 968.733
145387 969.247
145527 970.18
145624 970.827
145817 972.113
145950 973
146094 973.96
146214 974.76
146402 976.013
146705 978.033
146789 978.593
146891 979.273
147019 980.127
147225 981.5
147432 982.88
147644 984.293
147636 984.24
147777 985.18
147882 985.88
147908 986.053
148085 987.233
148264 988.427
148346 988.973
148516 990.107
148685 991.233
148772 991.813
148885 992.567
149010 993.4
149188 994.587
149349 995.66
149392 995.947
149531 996.873
149703 998.02
149858 999.053
149951 999.673
150179 1001.19
150350 1002.33
150462 1003.08
150593 1003.95
150811 1005.41
150945 1006.3
151087 1007.25
151226 1008.17
151422 1009.48
151558 1010.39
151701 1011.34
151885 1012.57
152122 1014.15
152300 1015.33
152539 1016.93
152634 1017.56
152730 1018.2
152824 1018.83
153065 1020.43
153111 1020.74
153333 1022.22
153396 1022.64
153530 1023.53
153662 1024.41
153876 1025.84
153987 1026.58
154238 1028.25
154405 1029.37
154574 1030.49
154742 1031.61
154828 1032.19
154937 1032.91
155033 1033.55
155250 1035
155291 1035.27
155374 1035.83
155552 1037.01
155718 1038.12
155885 1039.23
155986 1039.91
156067 1040.45
156290 1041.93
156545 1043.63
156630 1044.2
156807 1045.38
156984 1046.56
157141 1047.61
157318 1048.79
157393 1049.29
157630 1050.87
157744 1051.63
157973 1053.15
158152 1054.35
158344 1055.63
158460 1056.4
158659 1057.73
158809 1058.73
159005 1060.03
159142 1060.95
159277 1054.81
159575 1056.79
159663 1057.37
159792 1058.23
159987 1059.52
160109 1060.32
160263 1061.34
160515 1063.01
160645 1063.87
160740 1064.5
160832 1065.11
160994 1066.19
161207 1067.6
161448 1069.19
161700 1070.86
161879 1072.05
161980 1072.72
162158 1073.89
162242 1074.45
162278 1074.69
162401 1075.5
162499 1076.15
162636 1077.06
162670 1077.28
162822 1078.29
163030 1079.67
163169 1080.59
163253 1081.15
163478 1082.64
163706 1084.15
163806 1084.81
163975 1085.93
164129 1086.95
164312 1088.16
164492 1082.18
164698 1083.54
164887 1084.78
165047 1085.84
165240 1087.11
165402 1088.17
165574 1089.3
165612 1089.55
165869 1091.24
166106 1092.8
166288 1094
166374 1094.57
166509 1095.45
166646 1096.36
166764 1097.13
166924 1098.18
167083 1099.23
167227 1100.18
167374 1101.14
167591 1102.57
167794 1103.91
167946 1104.91
168038 1105.51
168351 1107.57
168581 1109.09
168606 1109.25
168791 1110.47
168946 1111.49
169101 1112.51
169122 1112.64
169296 1113.79
169371 1114.28
169470 1114.93
169696 1116.42
169828 1117.29
169919 1117.89
170035 1118.65
170161 1119.48
170252 1120.08
170383 1120.94
170510 1121.78
170765 1123.45
170930 1124.54
171151 1125.99
171340 1127.24
171532 1128.5
171716 1129.71
171768 1130.05
171979 1131.44
172078 1132.09
172282 1133.43
172469 1134.66
172658 1135.91
172865 1137.27
173009 1138.22
173224 1139.63
173399 1140.78
173580 1141.97
173748 1143.08
173817 1143.53
173965 1144.51
173909 1144.14
174099 1145.39
174352 1147.05
174520 1148.16
174645 1148.98
174870 1150.46
174884 1150.55
175015 1151.41
175162 1152.38
175364 1153.71
175582 1155.14
175859 1156.97
176122 1158.7
176258 1159.59
176452 1160.87
176616 1161.95
176711 1162.57
176947 1164.12
177182 1165.67
177201 1165.8
177434 1167.33
177653 1168.77
177894 1170.36
178033 1171.27
178237 1172.61
178405 1173.72
178613 1175.09
178756 1176.03
178882 1176.86
179097 1178.27
179273 1179.43
179456 1180.63
179589 1181.51
179802 1182.91
179958 1183.93
180054 1184.57
180285 1186.09
180496 1187.47
180659 1188.55
180863 1189.89
180922 1190.28
181102 1191.46
181441 1193.69
181596 1194.71
181776 1195.89
181854 1196.41
182013 1197.45
182171 1198.49
182450 1200.33
182690 1201.91
182743 1202.26
182779 1202.49
182804 1202.66
182980 1203.82
183071 1204.41
183165 1205.03
183323 1206.07
183386 1206.49
183478 1207.09
183737 1208.8
184057 1210.9
184322 1212.64
184414 1213.25
184613 1214.56
184723 1215.28
184882 1216.33
185095 1217.73
185224 1218.58
185338 1219.33
185486 1220.3
185666 1221.49
185845 1222.66
185920 1223.16
186080 1224.21
186267 1225.44
186534 1227.2
186759 1228.68
186974 1230.09
187152 1231.26
187360 1232.63
187568 1234
187787 1235.44
187977 1236.69
188121 1237.64
188394 1239.43
188489 1240.06
188616 1240.89
188808 1242.16
188981 1243.3
189146 1244.38
189384 1245.95
189502 1246.72
189665 1247.8
189881 1249.22
190041 1250.27
190186 1251.22
190361 1252.38
190469 1253.09
190577 1253.8
190669 1254.4
190859 1255.65
191039 1256.84
191187 1257.81
191419 1259.34
191594 1260.49
191839 1262.1
191963 1262.91
192131 1264.02
192367 1265.57
192538 1266.7
192718 1267.88
192871 1268.89
192990 1269.67
193207 1271.1
193350 1272.04
193478 1272.88
193709 1274.4
193859 1275.39
194030 1276.51
194249 1277.95
194410 1279.01
194638 1280.51
194903 1282.26
195103 1283.57
195309 1284.93
195481 1286.06
195713 1287.59
195859 1288.55
196119 1290.26
196283 1291.34
196569 1293.22
196793 1294.69
197031 1296.26
197309 1298.09
197474 1299.17
197622 1300.14
197790 1301.25
197903 1301.99
198160 1303.68
198367 1305.05
198703 1307.26
198970 1309.01
199017 1309.32
199267 1310.97
199526 1312.67
199693 1313.77
199860 1306.27
199940 1306.8
200099 1307.84
200354 1309.5
200561 1310.86
200741 1312.03
201005 1313.76
201238 1315.28
201542 1317.27
201714 1318.39
201783 1318.84
201989 1320.19
202206 1321.61
202329 1322.41
202352 1322.56
202568 1323.97
202599 1324.18
202862 1325.9
203087 1327.37
203147 1327.76
203365 1329.18
203564 1330.48
203775 1331.86
204081 1333.86
204244 1334.93
204410 1336.01
204570 1337.06
204698 1337.9
204851 1338.9
205037 1340.11
205270 1341.63
205320 1341.96
205522 1343.28
205826 1345.27
206013 1346.49
206331 1348.57
206509 1349.73
206692 1350.93
206819 1351.76
206897 1352.27
207095 1353.56
207204 1354.27
207336 1355.14
207407 1355.6
207677 1357.37
207803 1358.19
207901 1358.83
207970 1350.45
208043 1350.93
208024 1350.81
208047 1350.95
208235 1352.18
208360 1352.99
208444 1353.53
208634 1354.77
208802 1355.86
208912 1356.57
209048 1357.45
209153 1358.14
209314 1359.18
209525 1360.55
209649 1361.36
209792 1362.29
209981 1363.51
210089 1364.21
210302 1365.6
210405 1366.27
210581 1367.41
210724 1368.34
210950 1369.81
211125 1370.94
211255 1371.79
211284 1371.97
211430 1372.92
211645 1374.32
211775 1375.16
211957 1376.34
212065 1377.05
212153 1377.62
212257 1378.29
212297 1378.55
212505 1379.9
212556 1380.23
212811 1381.89
212857 1382.19
213141 1384.03
213218 1384.53
213501 1386.37
213670 1387.47
213914 1389.05
213963 1389.37
214177 1390.76
214150 1390.58
214518 1392.97
214585 1402.52
214587 1402.53
214801 1403.93
214845 1404.22
214944 1404.86
215106 1405.92
215246 1406.84
215181 1406.41
215180 1406.41
215265 1406.96
215300 1407.19
215400 1407.84
215527 1408.67
215761 1410.2
215861 1410.86
215935 1411.34
216129 1412.61
216237 1413.31
216222 1413.22
216302 1413.74
216431 1414.58
216629 1425.19
216823 1426.47
216857 1426.69
216859 1436.15
216919 1436.55
216971 1436.89
217093 1437.7
217168 1438.2
217271 1438.88
217223 1448.15
217296 1458.36
217340 1458.66
217491 1459.67
217569 1460.19
217669 1460.87
217813 1452.09
217821 1452.14
217948 1452.99
218034 1453.56
218140 1454.27
218185 1454.57
218363 1455.75
218450 1456.33
218588 1457.25
218532 1456.88
218592 1457.28
218664 1457.76
218847 1458.98
218919 1459.46
218941 1459.61
219025 1460.17
219022 1460.15
219122 1460.81
219240 1461.6
219211 1461.41
219185 1461.23
219325 1462.17
219365 1462.43
219524 1463.49
219659 1464.39
219889 1465.93
219939 1466.26
220043 1466.95
220221 1468.14
220286 1468.57
220360 1469.07
220530 1470.2
220723 1471.49
220826 1472.17
220807 1472.05
220913 1472.75
220841 1472.27
220865 1472.43
220879 1472.53
220999 1473.33
221096 1473.97
221181 1474.54
221055 1473.7
221051 1483.56
221102 1483.91
221217 1484.68
221337 1485.48
221438 1486.16
221543 1486.87
221619 1487.38
221797 1468.85
221888 1469.46
221940 1469.8
221979 1470.06
222010 1470.26
222096 1470.83
222169 1471.32
222184 1471.42
222321 1472.32
222448 1473.17
222500 1473.51
222532 1473.72
222649 1474.5
222747 1475.15
222770 1475.3
222766 1475.27
222880 1476.03
222960 1476.56
222949 1486.33
223004 1496.67
223039 1496.91
223094 1497.28
223168 1497.77
223239 1498.25
223418 1499.45
223496 1499.97
223569 1500.46
223667 1501.12
223747 1501.66
223742 1511.77
223746 1511.8
223791 1501.95
223966 1503.13
223963 1503.11
224032 1513.73
224077 1524.33
223991 1523.75
224073 1524.31
224084 1524.38
224288 1525.77
224289 1525.78
224378 1526.38
224506 1537.71
224619 1538.49
224709 1549.72
224800 1550.34
224715 1549.76
224799 1561.1
224868 1561.58
224945 1562.12
225029 1562.7
225113 1563.28
225132 1563.42
225178 1563.74
225143 1563.49
225287 1564.49
225229 1564.09
225368 1565.06
225362 1565.01
225535 1566.22
225651 1567.02
225661 1567.09
225764 1567.81
225831 1568.27
225832 1568.28
225973 1569.26
225978 1569.29
226148 1570.47
226219 1570.97
226215 1570.94
226231 1571.05
226330 1571.74
226497 1572.9
226536 1573.17
226555 1573.3
226450 1583.57
226453 1583.59
226531 1584.13
226561 1595.5
226582 1595.65
226654 1596.15
226684 1596.37
226786 1597.08
226700 1607.8
226632 1607.32
226711 1607.88
226743 1608.11
226665 1607.55
226764 1608.26
226604 1607.12
226738 1619.56
226760 1619.71
226797 1619.98
226855 1620.39
226862 1632.1
226850 1632.01
226866 1632.13
226907 1632.42
227039 1645.21
227049 1657.29
227027 1657.13
226943 1668.7
226983 1668.99
227025 1669.3
227258 1671.01
227321 1671.48
227367 1671.82
227287 1671.23
227458 1672.49
227590 1673.46
227585 1673.42
227695 1674.23
227764 1674.74
227862 1675.46
227855 1675.4
227862 1675.46
228022 1676.63
228036 1676.74
228051 1676.85
228079 1677.05
228076 1677.03
228181 1677.8
228263 1678.4
228472 1692.39
228544 1692.92
228555 1693
228557 1693.01
228711 1706.8
228700 1706.72
228665 1706.46
228667 1706.47
228667 1706.47
228633 1706.22
228606 1706.01
228551 1705.6
228477 1705.05
228579 1705.81
228563 1705.69
228645 1706.31
228660 1706.42
228731 1706.95
228631 1706.2
228622 1706.13
228519 1705.37
228500 1705.22
228572 1705.76
228673 1706.51
228698 1706.7
228711 1706.8
228835 1720.56
228798 1720.29
228768 1720.06
228711 1719.63
228824 1720.48
228701 1719.56
228630 1732.05
228704 1732.61
228658 1732.26
228706 1732.62
228690 1732.5
228691 1732.51
228762 1733.05
228799 1733.33
228680 1732.42
228704 1732.61
228713 1732.67
228804 1733.36
228866 1733.83
228786 1746.46
228766 1746.31
228862 1733.8
228970 1734.62
228947 1734.45
228934 1747.59
229034 1748.35
229035 1748.36
228928 1747.54
228988 1734.76
229016 1734.97
229086 1735.5
228993 1734.8
229196 1736.33
229181 1736.22
229152 1736
229220 1736.52
229226 1736.56
229243 1736.69
229291 1737.05
229321 1737.28
229229 1736.58
229300 1737.12
229353 1737.52
229490 1738.56
229488 1738.55
229590 1739.32
229563 1739.11
229593 1739.34
229614 1739.5
229571 1739.17
229500 1738.64
229669 1739.92
229619 1739.54
229536 1738.91
229512 1738.73
229456 1738.3
229577 1739.22
229524 1738.82
229560 1739.09
229617 1739.52
229661 1739.86
229653 1739.8
229699 1740.14
229839 1741.2
229820 1741.06
229831 1741.14
229833 1741.16
229798 1740.89
229754 1740.56
229676 1739.97
229685 1740.04
229741 1753.75
229774 1754
229742 1753.76
229763 1753.92
229830 1754.43
229934 1755.22
229968 1755.48
229873 1768.25
229872 1768.25
230012 1769.32
229953 1768.87
229951 1768.85
229868 1781.92
229862 1795.8
229841 1795.63
229916 1796.22
230050 1797.27
230024 1811.21
230007 1811.08
230043 1811.36
229974 1810.82
229972 1810.8
229946 1810.6
229858 1809.91
229826 1809.65
229868 1809.98
229822 1809.62
229799 1809.44
229799 1809.44
229709 1808.73
229661 1808.35
229709 1808.73
