0 -0.000819303 -0.0819303 100
0 -0.00426038 -0.426038 100
0 -0.00576243 -0.576243 100
0 -0.00876654 -0.876654 100
0 -0.0104051 -1.04051 100
0 -0.012153 -1.2153 100
0 -0.014884 -1.4884 100
0 -0.0150479 -1.50479 100
0 -0.0168503 -1.68503 100
0 -0.0171234 -1.71234 100
0 -0.0205099 -2.05099 100
0 -0.0205099 -2.05099 100
0 -0.0219846 -2.19846 100
0 -0.0228039 -2.28039 100
0 -0.0222577 -2.22577 100
0 -0.0238235 -2.38235 100
0 -0.0252983 -2.52983 100
0 -0.0255714 -2.55714 100
0 -0.0276651 -2.76651 100
0 -0.030123 -3.0123 100
0 -0.031352 -3.1352 100
0 -0.0327175 -3.27175 100
0 -0.0341922 -3.41922 100
0 -0.0352664 -3.52664 100
0 -0.0367958 -3.67958 100
0 -0.0395268 -3.95268 100
0 -0.0399638 -3.99638 100
0 -0.0422305 -4.22305 100
0 -0.0443607 -4.43607 100
0 -0.0494404 -4.94404 100
0 -0.0502597 -5.02597 100
0 -0.0529907 -5.29907 100
0 -0.0548751 -5.48751 100
0 -0.0577153 -5.77153 100
0 -0.0604464 -6.04464 100
0 -0.0626585 -6.26585 100
0 -0.063587 -6.3587 100
0 -0.068339 -6.8339 100
0 -0.0709334 -7.09334 100
0 -0.0726813 -7.26813 100
0 -0.0727905 -7.27905 100
0 -0.0747022 -7.47022 100
0 -0.0746112 -7.46112 100
0 -0.075294 -7.5294 100
0 -0.0775607 -7.75607 100
0 -0.0813568 -8.13568 100
0 -0.0807014 -8.07014 100
0 -0.0813568 -8.13568 100
0 -0.0844701 -8.44701 100
0 -0.0851119 -8.51119 100
0 -0.0869963 -8.69963 100
0 -0.0878156 -8.78156 100
0 -0.0860678 -8.60678 100
0 -0.086614 -8.6614 100
0 -0.0874333 -8.74333 100
0 -0.0890719 -8.90719 100
0 -0.0917483 -9.17483 100
0 -0.0950255 -9.50255 100
0 -0.0950255 -9.50255 100
0 -0.0972103 -9.72103 100
0 -0.0996273 -9.96273 100
0 -0.0973332 -9.73332 100
0 -0.100337 -10.0337 100
0 -0.101402 -10.1402 100
0 -0.0997638 -9.97638 100
0 -0.101949 -10.1949 100
0 -0.103587 -10.3587 100
0 -0.103833 -10.3833 100
0 -0.10427 -10.427 100
0 -0.105909 -10.5909 100
0 -0.10935 -10.935 100
0 -0.10853 -10.853 100
0 -0.109623 -10.9623 100
0 -0.109896 -10.9896 100
0 -0.113528 -11.3528 100
0 -0.114748 -11.4748 100
0 -0.116387 -11.6387 100
0 -0.117616 -11.7616 100
0 -0.120005 -12.0005 100
0 -0.121753 -12.1753 100
0 -0.122463 -12.2463 100
0 -0.123118 -12.3118 100
0 -0.123392 -12.3392 100
0 -0.127707 -12.7707 100
0 -0.127734 -12.7734 100
0 -0.129482 -12.9482 100
0 -0.132595 -13.2595 100
0 -0.133278 -13.3278 100
0 -0.134507 -13.4507 100
0 -0.137948 -13.7948 100
0 -0.140761 -14.0761 100
0 -0.143246 -14.3246 100
0 -0.143738 -14.3738 100
0 -0.145212 -14.5212 100
0 -0.144967 -14.4967 100
0 -0.146714 -14.6714 100
0 -0.148544 -14.8544 100
0 -0.149637 -14.9637 100
0 -0.148371 -14.9855 101
0 -0.14921 -15.0702 101
0 -0.150562 -15.2067 101
0 -0.152563 -15.4088 101
0 -0.154077 -15.5618 101
0 -0.154077 -15.5618 101
0 -0.157186 -15.8758 101
0 -0.159458 -16.1052 101
0 -0.159782 -16.138 101
0 -0.160269 -16.1872 101
0 -0.161459 -16.3073 101
0 -0.161763 -16.4999 102
0 -0.16337 -16.6637 102
0 -0.16511 -16.8412 102
0 -0.166984 -17.0324 102
0 -0.168457 -17.1826 102
0 -0.169822 -17.3219 102
0 -0.171536 -17.4967 102
0 -0.172982 -17.6441 102
0 -0.175659 -17.9172 102
0 -0.176088 -17.9609 102
0 -0.175713 -17.9227 102
0 -0.177159 -18.0702 102
0 -0.175954 -17.9473 102
0 -0.175981 -17.95 102
0 -0.175418 -17.8927 102
0 -0.173142 -17.6605 102
0 -0.174749 -17.8244 102
0 -0.175713 -17.9227 102
0 -0.17582 -17.9336 102
0 -0.175793 -17.9309 102
0 -0.178765 -18.234 102
0 -0.179301 -18.2887 102
0 -0.17922 -18.2805 102
0 -0.180024 -18.3624 102
0 -0.179916 -18.3515 102
0 -0.180157 -18.3761 102
0 -0.183103 -18.6765 102
0 -0.182862 -18.6519 102
0 -0.183156 -18.6819 102
0 -0.185405 -18.9113 102
0 -0.187922 -19.1681 102
0 -0.190243 -19.4047 102
0 -0.19292 -19.6778 102
0 -0.195062 -19.8963 102
0 -0.197998 -20.1958 102
0 -0.197597 -20.1549 102
0 -0.197597 -20.1549 102
0 -0.198239 -20.2204 102
0 -0.200087 -20.4088 102
0 -0.199417 -20.3406 102
0 -0.201292 -20.5317 102
0 -0.202764 -20.6819 102
0 -0.202389 -20.6437 102
0 -0.200702 -20.4717 102
0 -0.204558 -20.8649 102
0 -0.205897 -21.0015 102
0 -0.209458 -21.3647 102
0 -0.209618 -21.3811 102
0 -0.212831 -21.7088 102
0 -0.213313 -21.758 102
0 -0.213501 -21.7771 102
0 -0.21417 -21.8454 102
0 -0.215455 -21.9764 102
0 -0.216312 -22.0638 102
0 -0.216901 -22.1239 102
0 -0.221105 -22.5527 102
0 -0.219364 -22.3752 102
0 -0.222283 -22.6728 102
0 -0.223488 -22.7957 102
0 -0.223916 -22.8394 102
0 -0.222684 -22.7138 102
0 -0.224933 -22.9432 102
0 -0.227343 -23.189 102
0 -0.230717 -23.5331 102
0 -0.2321 -23.6742 102
0 -0.232288 -23.6933 102
0 -0.229824 -23.4421 102
0 -0.232314 -23.6961 102
0 -0.234189 -23.8872 102
0 -0.233144 -23.7807 102
0 -0.232475 -23.7125 102
0 -0.234055 -23.8736 102
0 -0.23202 -23.666 102
0 -0.228441 -23.5295 103
0 -0.228654 -23.5513 103
0 -0.226559 -23.3356 103
0 -0.227593 -23.4421 103
0 -0.228733 -23.5595 103
0 -0.229157 -23.6032 103
0 -0.227742 -23.6851 104
0 -0.22958 -23.8763 104
0 -0.231261 -24.0511 104
0 -0.231654 -24.0921 104
0 -0.229816 -23.9009 104
0 -0.231444 -24.0702 104
0 -0.231077 -24.032 104
0 -0.230053 -23.9255 104
0 -0.231628 -24.0893 104
0 -0.231471 -24.0729 104
0 -0.231366 -24.062 104
0 -0.23323 -24.2559 104
0 -0.233624 -24.2969 104
0 -0.233379 -24.2714 104
0 -0.231935 -24.1212 104
0 -0.231908 -24.1185 104
0 -0.231961 -24.1239 104
0 -0.231409 -24.0666 104
0 -0.235103 -24.4507 104
0 -0.237112 -24.6597 104
0 -0.238968 -24.8526 104
0 -0.24078 -25.0411 104
0 -0.244482 -25.4262 104
0 -0.244745 -25.4535 104
0 -0.24548 -25.5299 104
0 -0.248631 -25.8577 104
0 -0.250706 -26.0734 104
0 -0.250863 -26.0898 104
0 -0.251073 -26.1116 104
0 -0.254487 -26.4667 104
0 -0.254023 -26.4184 104
0 -0.254404 -26.458 104
0 -0.256899 -26.7175 104
0 -0.258973 -26.9332 104
0 -0.26026 -27.067 104
0 -0.258921 -26.9278 104
0 -0.260628 -27.1053 104
0 -0.25956 -26.9942 104
0 -0.258811 -26.9164 104
0 -0.257104 -26.7389 104
0 -0.256973 -26.7252 104
0 -0.258916 -26.9273 104
0 -0.25952 -26.9901 104
0 -0.260877 -27.1312 104
0 -0.258002 -27.0903 105
0 -0.258679 -27.1613 105
0 -0.256988 -26.9837 105
0 -0.258185 -27.1094 105
0 -0.257664 -27.0548 105
0 -0.25613 -26.8936 105
0 -0.25613 -26.8936 105
0 -0.256104 -26.8909 105
0 -0.257604 -27.0484 105
0 -0.258774 -27.1713 105
0 -0.25776 -27.0648 105
0 -0.258332 -27.1248 105
0 -0.258267 -27.118 105
0 -0.259567 -27.2546 105
0 -0.257617 -27.0497 105
0 -0.259697 -27.2682 105
0 -0.258579 -27.1508 105
0 -0.260842 -27.3884 105
0 -0.262142 -27.5249 105
0 -0.265879 -27.9173 105
0 -0.26796 -28.1358 105
0 -0.26978 -28.3269 105
0 -0.272459 -28.6082 105
0 -0.272563 -28.6192 105
0 -0.273604 -28.7284 105
0 -0.272407 -28.6028 105
0 -0.272772 -28.641 105
0 -0.272537 -28.6164 105
0 -0.270457 -28.398 105
0 -0.268292 -28.4389 106
0 -0.269734 -28.5919 106
0 -0.268617 -28.7421 107
0 -0.267979 -28.6738 107
0 -0.26632 -28.4963 107
0 -0.264508 -28.3024 107
0 -0.265844 -28.4453 107
0 -0.264848 -28.3388 107
0 -0.267069 -28.5764 107
0 -0.268422 -28.7211 107
0 -0.26832 -28.7102 107
0 -0.268864 -28.7685 107
0 -0.270421 -28.9351 107
0 -0.268423 -28.9897 108
0 -0.269561 -29.1126 108
0 -0.269156 -29.0689 108
0 -0.270294 -29.1918 108
0 -0.270269 -29.189 108
0 -0.271508 -29.3229 108
0 -0.273227 -29.5086 108
0 -0.274214 -29.6151 108
0 -0.271584 -29.331 108
0 -0.275023 -29.7025 108
0 -0.27831 -30.0575 108
0 -0.280738 -30.3197 108
0 -0.283115 -30.5764 108
0 -0.284126 -30.6856 108
0 -0.284784 -30.7566 108
0 -0.285289 -30.8113 108
0 -0.284151 -30.6884 108
0 -0.284404 -30.7157 108
0 -0.286402 -30.9314 108
0 -0.286486 -30.9405 108
0 -0.286512 -30.9433 108
0 -0.288155 -31.1208 108
0 -0.287886 -31.0916 108
0 -0.287633 -31.0643 108
0 -0.288518 -31.1599 108
0 -0.290583 -31.3829 108
0 -0.289921 -31.6014 109
0 -0.290214 -31.6333 109
0 -0.29059 -31.6743 109
0 -0.288543 -31.4512 109
0 -0.287541 -31.342 109
0 -0.290272 -31.6397 109
0 -0.2915 -31.7735 109
0 -0.293254 -31.9647 109
0 -0.292652 -31.8991 109
0 -0.291116 -31.7316 109
0 -0.293145 -31.9528 109
0 -0.296553 -32.3242 109
0 -0.297705 -32.4499 109
0 -0.297204 -32.3952 109
0 -0.296352 -32.3024 109
0 -0.298582 -32.5454 109
0 -0.29773 -32.4526 109
0 -0.296753 -32.3461 109
0 -0.297505 -32.428 109
0 -0.295876 -32.2505 109
0 -0.298006 -32.4826 109
0 -0.296878 -32.3597 109
0 -0.293446 -31.9856 109
0 -0.29535 -32.1931 109
0 -0.294598 -32.1112 109
0 -0.294498 -32.1003 109
0 -0.294039 -32.0502 109
0 -0.295517 -32.2114 109
0 -0.300403 -32.7439 109
0 -0.296836 -32.652 110
0 -0.29619 -32.581 110
0 -0.29485 -32.4335 110
0 -0.296778 -32.6456 110
0 -0.293096 -32.5336 111
0 -0.294203 -32.6565 111
0 -0.295089 -32.7548 111
0 -0.295015 -32.7466 111
0 -0.297389 -33.0102 111
0 -0.295618 -32.8135 111
0 -0.292591 -32.4776 111
0 -0.290951 -32.2956 111
0 -0.291443 -32.3502 111
0 -0.293264 -32.5523 111
0 -0.294445 -32.6834 111
0 -0.292476 -32.4649 111
0 -0.292095 -32.4226 111
0 -0.293202 -32.5454 111
0 -0.295417 -32.7912 111
0 -0.296007 -32.8568 111
0 -0.297286 -32.9988 111
0 -0.297656 -33.0398 111
0 -0.294728 -32.7148 111
0 -0.295872 -32.8418 111
0 -0.296241 -32.8827 111
0 -0.296388 -32.8991 111
0 -0.293928 -32.626 111
0 -0.29474 -32.7161 111
0 -0.296831 -32.9483 111
0 -0.297225 -32.992 111
0 -0.294519 -32.6916 111
0 -0.295248 -32.7726 111
0 -0.298454 -32.8299 110
0 -0.29977 -32.9747 110
0 -0.301011 -33.1112 110
0 -0.302004 -33.2205 110
0 -0.300266 -33.0293 110
0 -0.299323 -32.9255 110
0 -0.297361 -32.7098 110
0 -0.300688 -33.0757 110
0 -0.301582 -33.174 110
0 -0.302948 -33.3242 110
0 -0.30332 -33.3652 110
0 -0.306382 -33.702 110
0 -0.308989 -33.9888 110
0 -0.310503 -34.1554 110
0 -0.313632 -34.4995 110
0 -0.313855 -34.5241 110
0 -0.312738 -34.4012 110
0 -0.311844 -34.3029 110
0 -0.309138 -34.0052 110
0 -0.310628 -34.169 110
0 -0.309312 -34.0243 110
0 -0.307549 -33.8304 110
0 -0.310106 -34.1117 110
0 -0.306506 -33.7157 110
0 -0.303577 -33.3934 110
0 -0.304073 -33.448 110
0 -0.303701 -33.4071 110
0 -0.302211 -33.2432 110
0 -0.302906 -33.3197 110
0 -0.303775 -33.4153 110
0 -0.303237 -33.3561 110
0 -0.305463 -33.601 110
0 -0.303999 -33.4399 110
0 -0.304222 -33.4644 110
0 -0.304595 -33.5054 110
0 -0.30303 -33.3333 110
0 -0.302658 -33.2924 110
0 -0.301226 -33.1349 110
0 -0.305298 -33.5828 110
0 -0.30567 -33.6237 110
0 -0.306763 -33.7439 110
0 -0.304429 -33.4872 110
0 -0.305646 -33.621 110
0 -0.308004 -33.8805 110
0 -0.309221 -34.0143 110
0 -0.307731 -33.8504 110
0 -0.308724 -33.9597 110
0 -0.308103 -33.8914 110
0 -0.3086 -33.946 110
0 -0.311538 -34.2692 110
0 -0.312034 -34.3238 110
0 -0.312034 -34.3238 110
0 -0.311786 -34.2965 110
0 -0.31129 -34.2419 110
0 -0.312804 -34.4085 110
0 -0.313077 -34.4385 110
0 -0.313301 -34.4631 110
0 -0.31249 -34.3739 110
0 -0.315668 -34.7234 110
0 -0.31815 -34.9965 110
0 -0.319781 -35.1759 110
0 -0.322114 -35.4326 110
0 -0.319979 -35.1977 110
0 -0.320128 -35.2141 110
0 -0.318713 -35.0584 110
0 -0.315989 -35.0748 111
0 -0.318376 -35.3397 111
0 -0.318499 -35.3534 111
0 -0.32 -35.52 111
0 -0.321927 -35.7339 111
0 -0.320467 -35.5719 111
0 -0.323026 -35.8559 111
0 -0.321451 -35.6811 111
0 -0.321107 -35.6429 111
0 -0.322362 -35.7822 111
0 -0.323444 -35.9023 111
0 -0.322731 -35.8231 111
0 -0.322507 -36.1208 112
0 -0.323946 -36.2819 112
0 -0.326238 -36.5386 112
0 -0.32953 -36.9073 112
0 -0.330359 -37.0002 112
0 -0.329652 -36.921 112
0 -0.331456 -37.1231 112
0 -0.332114 -37.1968 112
0 -0.329814 -36.9392 112
0 -0.331277 -37.103 112
0 -0.333634 -37.367 112
0 -0.335366 -37.5609 112
0 -0.338267 -37.8859 112
0 -0.339243 -37.9952 112
0 -0.33934 -38.0061 112
0 -0.34034 -38.1181 112
0 -0.342266 -38.3338 112
0 -0.342961 -38.4117 112
0 -0.343912 -38.5182 112
0 -0.341376 -38.2341 112
0 -0.341011 -38.1932 112
0 -0.34006 -38.0867 112
0 -0.339474 -38.0211 112
0 -0.33984 -38.0621 112
0 -0.339791 -38.0566 112
0 -0.341254 -38.2205 112
0 -0.341303 -38.2259 112
0 -0.342766 -38.3898 112
0 -0.341726 -38.2733 112
0 -0.339556 -38.0302 112
0 -0.338288 -37.8882 112
0 -0.340401 -38.1249 112
0 -0.341011 -38.1932 112
0 -0.340157 -38.0976 112
0 -0.342254 -38.3325 112
0 -0.342254 -38.3325 112
0 -0.34023 -38.1058 112
0 -0.339113 -37.9806 112
0 -0.338308 -37.8905 112
0 -0.337357 -37.784 112
0 -0.342153 -38.3211 112
0 -0.343469 -38.4686 112
0 -0.344103 -38.5396 112
0 -0.345322 -38.6761 112
0 -0.344274 -38.5587 112
0 -0.342396 -38.3484 112
0 -0.344347 -38.5669 112
0 -0.344591 -38.5942 112
0 -0.346103 -38.7635 112
0 -0.345274 -38.6706 112
0 -0.3482 -38.9984 112
0 -0.349663 -39.1622 112
0 -0.349516 -39.1458 112
0 -0.34898 -39.0858 112
0 -0.350394 -39.2442 112
0 -0.350029 -39.2032 112
0 -0.351589 -39.378 112
0 -0.351223 -39.337 112
0 -0.352467 -39.4763 112
0 -0.355369 -39.8013 112
0 -0.356783 -39.9597 112
0 -0.356149 -39.8887 112
0 -0.356954 -39.9788 112
0 -0.356222 -39.8969 112
0 -0.357783 -40.0717 112
0 -0.3561 -39.8832 112
0 -0.357807 -40.0744 112
0 -0.355393 -39.804 112
0 -0.357173 -40.0034 112
0 -0.358782 -40.1836 112
0 -0.358636 -40.1672 112
0 -0.359124 -40.2219 112
0 -0.357295 -40.017 112
0 -0.358092 -40.1063 112
0 -0.359652 -40.281 112
0 -0.360481 -40.3739 112
0 -0.364691 -40.8454 112
0 -0.36231 -40.941 113
0 -0.358854 -40.5505 113
0 -0.357138 -40.3566 113
0 -0.356195 -40.2501 113
0 -0.355035 -40.119 113
0 -0.352667 -39.8514 113
0 -0.353658 -39.9633 113
0 -0.355833 -40.2091 113
0 -0.3546 -40.0698 113
0 -0.355019 -40.1172 113
0 -0.353835 -39.9834 113
0 -0.354004 -40.0025 113
0 -0.354536 -40.0626 113
0 -0.354923 -40.1063 113
0 -0.354705 -40.0817 113
0 -0.355736 -40.1982 113
0 -0.352161 -40.1463 114
0 -0.351969 -40.1245 114
0 -0.351346 -40.0535 114
0 -0.349621 -39.8568 114
0 -0.348184 -39.693 114
0 -0.349202 -39.809 114
0 -0.348986 -39.7844 114
0 -0.351059 -40.0207 114
0 -0.351202 -40.0371 114
0 -0.352208 -40.1518 114
0 -0.350987 -40.0125 114
0 -0.351106 -40.0261 114
0 -0.353925 -40.3475 114
0 -0.356936 -40.6907 114
0 -0.357056 -40.7043 114
0 -0.359068 -40.9337 114
0 -0.36338 -41.4253 114
0 -0.363005 -41.3825 114
0 -0.363568 -41.4467 114
0 -0.362586 -41.3347 114
0 -0.363424 -41.4303 114
0 -0.363304 -41.4167 114
0 -0.363089 -41.3921 114
0 -0.363903 -41.485 114
0 -0.363676 -41.459 114
0 -0.363819 -41.4754 114
0 -0.362861 -41.3662 114
0 -0.362142 -41.2842 114
0 -0.363196 -41.4044 114
0 -0.365269 -41.6406 114
0 -0.365987 -41.7226 114
0 -0.365372 -41.6525 114
0 -0.365213 -41.6343 114
0 -0.365261 -41.6397 114
0 -0.363089 -41.3921 114
0 -0.362011 -41.2692 114
0 -0.363592 -41.4495 114
0 -0.366946 -41.8318 114
0 -0.3648 -41.952 115
0 -0.368176 -42.3402 115
0 -0.369506 -42.4932 115
0 -0.367131 -42.2201 115
0 -0.366537 -42.1518 115
0 -0.365374 -42.018 115
0 -0.364709 -41.9415 115
0 -0.366466 -42.1436 115
0 -0.368223 -42.3457 115
0 -0.365025 -41.9779 115
0 -0.365714 -42.0571 115
0 -0.366284 -42.1226 115
0 -0.369419 -42.4831 115
0 -0.367875 -42.3056 115
0 -0.366197 -42.1126 115
0 -0.365389 -42.0198 115
0 -0.365128 -41.9897 115
0 -0.363098 -41.7562 115
0 -0.362836 -41.7262 115
0 -0.363644 -41.819 115
0 -0.364673 -41.9374 115
0 -0.364578 -41.9265 115
0 -0.367285 -42.2378 115
0 -0.363636 -41.8181 115
0 -0.363778 -41.8345 115
0 -0.36461 -41.9301 115
0 -0.363327 -41.7826 115
0 -0.362971 -41.7417 115
0 -0.364633 -41.9328 115
0 -0.364491 -41.9165 115
0 -0.364728 -41.9438 115
0 -0.363802 -41.8373 115
0 -0.366747 -42.1759 115
0 -0.366723 -42.1732 115
0 -0.367436 -42.2551 115
0 -0.36924 -42.4627 115
0 -0.372921 -42.886 115
0 -0.374679 -43.0881 115
0 -0.372684 -42.8587 115
0 -0.37323 -42.9215 115
0 -0.372993 -42.8942 115
0 -0.372589 -42.8477 115
0 -0.373159 -42.9133 115
0 -0.375557 -43.1891 115
0 -0.377315 -43.3912 115
0 -0.379515 -43.6443 115
0 -0.381475 -43.8696 115
0 -0.382781 -44.0198 115
0 -0.379811 -44.058 116
0 -0.379975 -44.0771 116
0 -0.379724 -44.048 116
0 -0.379253 -43.9934 116
0 -0.378335 -43.8869 116
0 -0.377794 -43.8241 116
0 -0.377087 -43.7421 116
0 -0.374545 -43.4472 116
0 -0.372967 -43.2642 116
0 -0.369254 -43.2028 117
0 -0.369745 -43.2601 117
0 -0.370188 -43.312 117
0 -0.367737 -43.0252 117
0 -0.367434 -42.9897 117
0 -0.365099 -42.7166 117
0 -0.364236 -42.6156 117
0 -0.363808 -42.5655 117
0 -0.363224 -42.4972 117
0 -0.364111 -42.601 117
0 -0.365419 -42.754 117
0 -0.365419 -42.754 117
0 -0.363178 -42.4918 117
0 -0.363668 -42.5491 117
0 -0.362501 -42.4126 117
0 -0.363341 -42.5109 117
0 -0.359614 -42.4344 118
0 -0.362414 -42.7649 118
0 -0.36324 -42.8623 118
0 -0.362638 -42.7913 118
0 -0.363587 -42.9033 118
0 -0.363587 -42.9033 118
0 -0.361712 -42.682 118
0 -0.361192 -42.6206 118
0 -0.363923 -42.9429 118
0 -0.365909 -43.1773 118
0 -0.363062 -42.8414 118
0 -0.362353 -42.7576 118
0 -0.361828 -42.6957 118
0 -0.360254 -42.51 118
0 -0.362453 -42.7694 118
0 -0.363934 -42.9442 118
0 -0.36449 -43.0098 118
0 -0.364258 -42.9825 118
0 -0.36162 -42.6711 118
0 -0.363124 -42.8486 118
0 -0.362684 -42.7968 118
0 -0.362769 -42.8068 118
0 -0.362584 -42.7849 118
0 -0.363672 -42.9133 118
0 -0.363186 -42.8559 118
0 -0.366835 -43.2865 118
0 -0.365608 -43.1418 118
0 -0.367575 -43.3739 118
0 -0.369959 -43.6552 118
0 -0.370908 -43.7672 118
0 -0.370376 -43.7044 118
0 -0.368941 -43.535 118
0 -0.369404 -43.5897 118
0 -0.365932 -43.18 118
0 -0.365724 -43.1554 118
0 -0.365955 -43.1827 118
0 -0.365608 -43.1418 118
0 -0.36621 -43.2128 118
0 -0.367506 -43.3657 118
0 -0.367703 -43.3889 118
0 -0.367471 -43.3616 118
0 -0.366916 -43.2961 118
0 -0.367286 -43.3398 118
0 -0.366438 -43.2396 118
0 -0.36609 -43.1987 118
0 -0.366067 -43.1959 118
0 -0.364679 -43.0321 118
0 -0.365836 -43.1686 118
0 -0.365952 -43.1823 118
0 -0.366831 -43.2861 118
0 -0.367371 -43.3498 118
0 -0.369014 -43.5437 118
0 -0.366954 -43.3006 118
0 -0.36788 -43.4099 118
0 -0.368204 -43.4481 118
0 -0.367996 -43.4235 118
0 -0.369616 -43.6147 118
0 -0.369809 -43.6374 118
0 -0.371915 -43.886 118
0 -0.371915 -43.886 118
0 -0.373674 -44.0935 118
0 -0.376544 -44.4322 118
0 -0.376914 -44.4759 118
0 -0.377547 -44.5505 118
0 -0.381389 -45.0039 118
0 -0.383148 -45.2114 118
0 -0.383055 -45.2005 118
0 -0.381574 -45.0257 118
0 -0.385593 -45.5 118
0 -0.386488 -45.6056 118
0 -0.385632 -45.5045 118
0 -0.382669 -45.155 118
0 -0.383225 -45.2205 118
0 -0.383502 -45.2533 118
0 -0.381929 -45.0676 118
0 -0.378685 -45.0635 119
0 -0.3788 -45.0771 119
0 -0.379848 -45.2019 119
0 -0.379136 -45.1172 119
0 -0.379159 -45.1199 119
0 -0.379274 -45.1336 119
0 -0.380995 -45.3384 119
0 -0.382234 -45.4859 119
0 -0.380651 -45.2974 119
0 -0.379962 -45.2155 119
0 -0.38267 -45.5378 119
0 -0.379664 -45.18 119
0 -0.380192 -45.2428 119
0 -0.381133 -45.3548 119
0 -0.382808 -45.5542 119
0 -0.381293 -45.3739 119
0 -0.380857 -45.322 119
0 -0.380743 -45.3084 119
0 -0.379572 -45.1691 119
0 -0.380008 -45.221 119
0 -0.376887 -44.8496 119
0 -0.375969 -44.7403 119
0 -0.376596 -44.815 119
0 -0.376918 -44.8532 119
0 -0.373797 -44.4818 119
0 -0.375954 -44.7385 119
0 -0.375265 -44.6566 119
0 -0.374898 -44.6129 119
0 -0.37398 -44.5036 119
0 -0.373085 -44.3971 119
0 -0.374692 -44.5883 119
0 -0.374692 -44.5883 119
0 -0.376321 -44.7822 119
0 -0.378057 -44.9888 119
0 -0.380926 -45.3302 119
0 -0.380031 -45.2237 119
0 -0.380949 -45.3329 119
0 -0.380077 -45.2292 119
0 -0.379848 -45.2019 119
0 -0.380421 -45.2701 119
0 -0.381959 -45.4531 119
0 -0.382028 -45.4613 119
0 -0.380697 -45.3029 119
0 -0.381247 -45.3685 119
0 -0.3829 -45.5651 119
0 -0.381316 -45.3766 119
0 -0.379756 -45.1909 119
0 -0.377183 -45.2619 120
0 -0.375954 -45.1145 120
0 -0.37364 -44.8368 120
0 -0.373526 -44.8232 120
0 -0.374884 -44.9861 120
0 -0.374088 -44.8905 120
0 -0.375795 -45.0954 120
0 -0.375317 -45.038 120
0 -0.375089 -45.0107 120
0 -0.373344 -44.8013 120
0 -0.372502 -44.7003 120
0 -0.368785 -44.2542 120
0 -0.368102 -44.1723 120
0 -0.367624 -44.1149 120
0 -0.368595 -44.2314 120
0 -0.369619 -44.3543 120
0 -0.370052 -44.4062 120
0 -0.375946 -45.1136 120
0 -0.377949 -45.3539 120
0 -0.377918 -45.728 121
0 -0.380039 -45.9847 121
0 -0.381168 -46.1213 121
0 -0.377036 -45.9984 122
0 -0.376253 -45.9028 122
0 -0.37914 -46.2551 122
0 -0.380685 -46.4436 122
0 -0.376213 -46.2742 123
0 -0.376509 -46.3107 123
0 -0.376421 -46.2997 123
0 -0.378508 -46.5564 123
0 -0.380706 -46.8268 123
0 -0.37853 -46.5592 123
0 -0.37893 -46.6083 123
0 -0.378804 -46.5929 123
0 -0.379618 -46.693 123
0 -0.379085 -46.6274 123
0 -0.376339 -46.2897 123
0 -0.375584 -46.1969 123
0 -0.374852 -46.1067 123
0 -0.373542 -45.9456 123
0 -0.375754 -46.2178 123
0 -0.375976 -46.2451 123
0 -0.376487 -46.3079 123
0 -0.377375 -46.4172 123
0 -0.377731 -46.4609 123
0 -0.376865 -46.3543 123
0 -0.375954 -46.2424 123
0 -0.374555 -46.0703 123
0 -0.374178 -46.0239 123
0 -0.374977 -46.1222 123
0 -0.375599 -46.1987 123
0 -0.372809 -45.8555 123
0 -0.371388 -45.6807 123
0 -0.368368 -45.3093 123
0 -0.368405 -45.3138 123
0 -0.368294 -45.3002 123
0 -0.368405 -45.3138 123
0 -0.368479 -45.3229 123
0 -0.368723 -45.353 123
0 -0.369463 -45.444 123
0 -0.371462 -45.6898 123
0 -0.369086 -45.3976 123
0 -0.369863 -45.4932 123
0 -0.369885 -45.4959 123
0 -0.36953 -45.4522 123
0 -0.371528 -45.698 123
0 -0.371018 -45.6352 123
0 -0.370241 -45.5396 123
0 -0.371166 -45.6534 123
0 -0.37101 -45.6343 123
0 -0.37212 -45.7708 123
0 -0.371277 -45.667 123
0 -0.368857 -45.3694 123
0 -0.36768 -45.2246 123
0 -0.37067 -45.5924 123
0 -0.369301 -45.424 123
0 -0.371203 -45.6579 123
0 -0.36876 -45.3575 123
0 -0.370381 -45.5569 123
0 -0.370048 -45.5159 123
0 -0.370093 -45.5214 123
0 -0.370537 -45.576 123
0 -0.36976 -45.4804 123
0 -0.371225 -45.6607 123
0 -0.37067 -45.5924 123
0 -0.369049 -45.393 123
0 -0.369027 -45.3903 123
0 -0.365985 -45.0162 123
0 -0.361944 -44.5191 123
0 -0.362033 -44.53 123
0 -0.359946 -44.2733 123
0 -0.360057 -44.287 123
0 -0.359124 -44.1723 123
0 -0.364431 -44.825 123
0 -0.364875 -44.8796 123
0 -0.36432 -44.8113 123
0 -0.366895 -45.1281 123
0 -0.366614 -45.0935 123
0 -0.367724 -45.2301 123
0 -0.366969 -45.1372 123
0 -0.367103 -45.1536 123
0 -0.367991 -45.2629 123
0 -0.368302 -45.3011 123
0 -0.368583 -45.3357 123
0 -0.368161 -45.2838 123
0 -0.364113 -45.15 124
0 -0.363738 -45.1035 124
0 -0.363437 -45.0662 124
0 -0.364494 -45.1973 124
0 -0.362799 -44.987 124
0 -0.365596 -45.3339 124
0 -0.366477 -45.4431 124
0 -0.368767 -45.7271 124
0 -0.371608 -46.0794 124
0 -0.37282 -46.2296 124
0 -0.372313 -46.1668 124
0 -0.372908 -46.2406 124
0 -0.372005 -46.1286 124
0 -0.37446 -46.4331 124
0 -0.372776 -46.2242 124
0 -0.374075 -46.3853 124
0 -0.375815 -46.601 124
0 -0.375661 -46.5819 124
0 -0.37544 -46.5546 124
0 -0.376828 -46.7267 124
0 -0.379229 -47.0244 124
0 -0.380286 -47.1554 124
0 -0.3795 -47.058 124
0 -0.379225 -47.0239 124
0 -0.377199 -46.7726 124
0 -0.377749 -46.8409 124
0 -0.378168 -46.8928 124
0 -0.378344 -46.9147 124
0 -0.381582 -47.3161 124
0 -0.382242 -47.398 124
0 -0.384592 -47.6894 124
0 -0.385759 -47.8341 124
0 -0.386199 -47.8887 124
0 -0.384349 -47.6593 124
0 -0.384812 -47.7167 124
0 -0.383578 -47.5637 124
0 -0.382279 -47.4026 124
0 -0.380737 -47.2114 124
0 -0.381728 -47.3343 124
0 -0.382257 -47.3999 124
0 -0.382147 -47.3862 124
0 -0.384716 -47.7048 124
0 -0.386867 -47.9716 124
0 -0.383828 -47.5947 124
0 -0.383299 -47.5291 124
0 -0.381978 -47.3653 124
0 -0.38167 -47.327 124
0 -0.382 -47.368 124
0 -0.382947 -47.4854 124
0 -0.382396 -47.4172 124
0 -0.383512 -47.5555 124
0 -0.381207 -47.2697 124
0 -0.382162 -47.388 124
0 -0.384915 -47.7294 124
0 -0.384694 -47.7021 124
0 -0.383395 -47.541 124
0 -0.382896 -47.4791 124
0 -0.382389 -47.4163 124
0 -0.382279 -47.4026 124
0 -0.381178 -47.266 124
0 -0.38109 -47.2551 124
0 -0.378887 -46.982 124
0 -0.376905 -46.7362 124
0 -0.378138 -46.8892 124
0 -0.38293 -47.1004 123
0 -0.38424 -47.2615 123
0 -0.384484 -47.2915 123
0 -0.38532 -47.3944 123
0 -0.385942 -47.4709 123
0 -0.387252 -47.632 123
0 -0.388074 -47.7331 123
0 -0.388895 -47.8341 123
0 -0.386231 -47.5064 123
0 -0.380473 -47.1787 124
0 -0.379776 -47.0922 124
0 -0.377904 -46.86 124
0 -0.379732 -47.0867 124
0 -0.379599 -47.0703 124
0 -0.380128 -47.1359 124
0 -0.377948 -46.8655 124
0 -0.376758 -46.718 124
0 -0.37808 -46.8819 124
0 -0.379049 -47.0021 124
0 -0.38059 -47.1932 124
0 -0.379886 -47.1058 124
0 -0.380877 -47.2287 124
0 -0.383233 -47.5209 124
0 -0.383101 -47.5046 124
0 -0.383938 -47.6083 124
0 -0.381538 -47.3107 124
0 -0.380899 -47.2315 124
0 -0.379996 -47.1195 124
0 -0.379864 -47.1031 124
0 -0.37808 -46.8819 124
0 -0.377221 -46.7754 124
0 -0.379805 -47.0958 124
0 -0.379981 -47.1177 124
0 -0.380862 -47.2269 124
0 -0.375062 -46.8828 125
0 -0.376723 -47.0904 125
0 -0.377684 -47.2105 125
0 -0.378886 -47.3607 125
0 -0.381158 -47.6447 125
0 -0.381835 -47.7294 125
0 -0.377382 -47.5501 126
0 -0.378682 -47.7139 126
0 -0.37827 -47.662 126
0 -0.381283 -48.0417 126
0 -0.381196 -48.0307 126
0 -0.379701 -47.8423 126
0 -0.37879 -47.7276 126
0 -0.377815 -47.6047 126
0 -0.375409 -47.3016 126
0 -0.375084 -47.2606 126
0 -0.372346 -47.2879 127
0 -0.371593 -47.1923 127
0 -0.371593 -47.1923 127
0 -0.371378 -47.165 127
0 -0.372496 -47.307 127
0 -0.375335 -47.6675 127
0 -0.371937 -47.236 127
0 -0.369421 -46.9165 127
0 -0.368848 -46.8437 127
0 -0.369858 -46.972 127
0 -0.37398 -47.4955 127
0 -0.375141 -47.6429 127
0 -0.374711 -47.5883 127
0 -0.374195 -47.5228 127
0 -0.373593 -47.4463 127
0 -0.372281 -47.2797 127
0 -0.370754 -47.0858 127
0 -0.37284 -47.3507 127
0 -0.369181 -47.2551 128
0 -0.371976 -47.6129 128
0 -0.370909 -47.4763 128
0 -0.368477 -47.165 128
0 -0.369138 -47.2497 128
0 -0.369117 -47.2469 128
0 -0.370055 -47.3671 128
0 -0.369145 -47.2506 128
0 -0.369892 -47.3462 128
0 -0.371087 -47.4991 128
0 -0.370105 -47.3735 128
0 -0.368526 -47.1714 128
0 -0.366538 -47.2833 129
0 -0.365183 -47.1086 129
0 -0.366199 -47.2396 129
0 -0.369142 -47.6193 129
0 -0.369374 -47.6493 129
0 -0.369713 -47.693 129
0 -0.368295 -47.51 129
0 -0.369579 -47.6757 129
0 -0.374088 -48.2574 129
0 -0.375168 -48.3967 129
0 -0.375994 -48.5032 129
0 -0.375853 -48.485 129
0 -0.376594 -48.5806 129
0 -0.375747 -48.4713 129
0 -0.373227 -48.1463 129
0 -0.371428 -47.9142 129
0 -0.37291 -48.1054 129
0 -0.374286 -48.2829 129
0 -0.374424 -48.3006 129
0 -0.373916 -48.2351 129
0 -0.37527 -48.4099 129
0 -0.375842 -48.4836 129
0 -0.374529 -48.3143 129
0 -0.371523 -47.9265 129
0 -0.372963 -48.1122 129
0 -0.374529 -48.3143 129
0 -0.372042 -47.9934 129
0 -0.371809 -47.9634 129
0 -0.375354 -48.0453 128
0 -0.375226 -48.0289 128
0 -0.377103 -48.2692 128
0 -0.374032 -48.2501 129
0 -0.375493 -48.4386 129
0 -0.379071 -48.9001 129
0 -0.380214 -49.0476 129
0 -0.380976 -49.1459 129
0 -0.381548 -49.2196 129
0 -0.376043 -48.8855 130
0 -0.378458 -49.1996 130
0 -0.376102 -48.8933 130
0 -0.376806 -48.9848 130
0 -0.377695 -49.1004 130
0 -0.377191 -49.0348 130
0 -0.375573 -48.8245 130
0 -0.37362 -48.5706 130
0 -0.37759 -49.0867 130
0 -0.377044 -49.0157 130
0 -0.379558 -49.3425 130
0 -0.38065 -49.4845 130
0 -0.38086 -49.5118 130
0 -0.381049 -49.5364 130
0 -0.382331 -49.703 130
0 -0.378328 -49.561 131
0 -0.377974 -49.5146 131
0 -0.374076 -49.378 132
0 -0.375855 -49.6129 132
0 -0.374469 -49.4299 132
0 -0.372317 -49.1459 132
0 -0.371283 -49.0093 132
0 -0.370579 -48.9165 132
0 -0.372959 -49.2306 132
0 -0.370559 -48.9138 132
0 -0.371076 -48.982 132
0 -0.371614 -49.053 132
0 -0.374179 -49.3917 132
0 -0.375152 -49.52 132
0 -0.376641 -49.7167 132
0 -0.380014 -50.1618 132
0 -0.381221 -50.3211 132
0 -0.381138 -50.3102 132
0 -0.380207 -50.1873 132
0 -0.381635 -50.3758 132
0 -0.381221 -50.3211 132
0 -0.382793 -50.5287 132
0 -0.383952 -50.6816 132
0 -0.385793 -50.9247 132
0 -0.384014 -50.6898 132
0 -0.382752 -50.5232 132
0 -0.382152 -50.444 132
0 -0.378883 -50.0125 132
0 -0.378552 -49.9688 132
0 -0.376116 -50.0235 133
0 -0.380059 -50.5478 133
0 -0.382605 -50.8865 133
0 -0.381476 -50.7363 133
0 -0.381373 -50.7226 133
0 -0.380942 -50.6652 133
0 -0.381044 -50.6789 133
0 -0.38127 -50.7089 133
0 -0.382167 -50.8282 133
0 -0.38459 -51.1505 133
0 -0.383194 -50.9647 133
0 -0.384357 -51.1195 133
0 -0.385795 -51.3107 133
0 -0.384199 -51.4827 134
0 -0.383507 -51.3899 134
0 -0.384261 -51.4909 134
0 -0.382549 -51.2615 134
0 -0.386272 -51.7604 134
0 -0.388799 -52.099 134
0 -0.390409 -52.3148 134
0 -0.390979 -52.3912 134
0 -0.394424 -52.8528 134
0 -0.394465 -52.8582 134
0 -0.393364 -52.7108 134
0 -0.394485 -52.861 134
0 -0.39369 -52.7545 134
0 -0.39217 -52.9429 135
0 -0.39217 -52.9429 135
0 -0.392696 -53.0139 135
0 -0.390754 -52.7517 135
0 -0.389045 -52.9101 136
0 -0.390089 -53.0521 136
0 -0.391174 -53.1996 136
0 -0.391846 -53.2911 136
0 -0.389644 -53.3812 137
0 -0.390402 -53.485 137
0 -0.391996 -53.7035 137
0 -0.391179 -53.5915 137
0 -0.392834 -53.8182 137
0 -0.392528 -53.7763 137
0 -0.395658 -54.2051 137
0 -0.398508 -54.5956 137
0 -0.39985 -54.7795 137
0 -0.400203 -54.8278 137
0 -0.400841 -54.9152 137
0 -0.396986 -54.7841 138
0 -0.396254 -54.683 138
0 -0.396254 -54.683 138
0 -0.394591 -54.4536 138
0 -0.393041 -54.2397 138
0 -0.394011 -54.3735 138
0 -0.395383 -54.5629 138
0 -0.396491 -54.7158 138
0 -0.39314 -54.2533 138
0 -0.395099 -54.5237 138
0 -0.395673 -54.6029 138
0 -0.39694 -54.7777 138
0 -0.397204 -54.8141 138
0 -0.394117 -54.7822 139
0 -0.394569 -54.8451 139
0 -0.394431 -54.8259 139
0 -0.396904 -54.7727 138
0 -0.398764 -55.0294 138
0 -0.39815 -54.9447 138
0 -0.400598 -55.2825 138
0 -0.39939 -55.1159 138
0 -0.400914 -55.3262 138
0 -0.400439 -55.2606 138
0 -0.398569 -55.0025 138
0 -0.397131 -54.8041 138
0 -0.398714 -55.0226 138
0 -0.39909 -55.0745 138
0 -0.396696 -54.744 138
0 -0.395904 -54.6348 138
0 -0.395805 -54.6211 138
0 -0.394281 -54.4108 138
0 -0.396636 -54.7358 138
0 -0.396735 -54.7495 138
0 -0.396933 -54.7768 138
0 -0.397329 -54.8314 138
0 -0.396359 -54.6976 138
0 -0.397092 -54.7986 138
0 -0.39909 -55.0745 138
0 -0.399684 -55.1564 138
0 -0.401874 -55.4586 138
0 -0.402745 -55.5788 138
0 -0.400535 -55.6744 139
0 -0.400221 -55.6307 139
0 -0.400633 -55.688 139
0 -0.398649 -55.4122 139
0 -0.399081 -55.4723 139
0 -0.398374 -55.374 139
0 -0.400181 -55.6252 139
0 -0.401026 -55.7426 139
0 -0.398963 -55.4559 139
0 -0.39861 -55.4067 139
0 -0.397967 -55.7153 140
0 -0.396653 -55.5315 140
0 -0.396835 -55.5569 140
0 -0.393537 -55.4887 141
0 -0.394047 -55.5606 141
0 -0.395519 -55.7681 141
0 -0.395712 -55.7954 141
0 -0.395306 -55.7381 141
0 -0.394841 -55.6726 141
0 -0.397281 -56.0167 141
0 -0.397475 -56.044 141
0 -0.397088 -55.9894 141
0 -0.397533 -56.0522 141
0 -0.398676 -56.2133 141
0 -0.398385 -56.1723 141
0 -0.400961 -56.5356 141
0 -0.401852 -56.6612 141
0 -0.402349 -56.7313 141
0 -0.403738 -56.927 141
0 -0.404512 -57.0362 141
0 -0.404047 -56.9707 141
0 -0.40397 -56.9598 141
0 -0.405907 -57.2329 141
0 -0.405287 -57.1455 141
0 -0.404441 -57.0262 141
0 -0.4051 -57.1191 141
0 -0.403763 -56.9306 141
0 -0.402504 -56.7531 141
0 -0.401923 -56.6712 141
0 -0.4008 -56.5128 141
0 -0.400093 -56.4131 141
0 -0.399725 -56.3612 141
0 -0.399531 -56.3339 141
0 -0.400306 -56.4432 141
0 -0.402262 -56.719 141
0 -0.403967 -56.9593 141
0 -0.403792 -56.9347 141
0 -0.405439 -57.1669 141
0 -0.404858 -57.0849 141
0 -0.405923 -57.2351 141
0 -0.404793 -57.0758 141
0 -0.40274 -56.7864 141
0 -0.402275 -56.7208 141
0 -0.403224 -56.8546 141
0 -0.401597 -56.6252 141
0 -0.401998 -56.6817 141
0 -0.403683 -56.9193 141
0 -0.403392 -56.8783 141
0 -0.399518 -56.3321 141
0 -0.398201 -56.1464 141
0 -0.398899 -56.2447 141
0 -0.400719 -56.5014 141
0 -0.397704 -56.0763 141
0 -0.399234 -56.292 141
0 -0.398731 -56.221 141
0 -0.399105 -56.2738 141
0 -0.399318 -56.3039 141
0 -0.39937 -56.3112 141
0 -0.399283 -56.2989 141
0 -0.397617 -56.064 141
0 -0.398082 -56.1295 141
0 -0.396674 -55.9311 141
0 -0.399037 -56.2643 141
0 -0.399638 -56.3489 141
0 -0.401846 -56.6603 141
0 -0.395862 -56.2124 142
0 -0.395093 -56.1031 142
0 -0.391528 -55.9884 143
0 -0.392291 -56.0977 143
0 -0.393533 -56.2752 143
0 -0.391604 -55.9994 143
0 -0.391111 -55.9288 143
0 -0.392333 -56.1036 143
0 -0.391493 -55.9834 143
0 -0.393632 -56.2893 143
0 -0.393899 -56.3275 143
0 -0.393358 -56.2502 143
0 -0.39267 -56.1518 143
0 -0.392346 -56.1054 143
0 -0.391314 -55.9579 143
0 -0.392689 -56.1546 143
0 -0.390461 -55.836 143
0 -0.39027 -55.8086 143
0 -0.38964 -55.7185 143
0 -0.390404 -55.8278 143
0 -0.39281 -56.1719 143
0 -0.392658 -56.15 143
0 -0.394281 -56.3822 143
0 -0.396611 -56.7153 143
0 -0.39558 -56.5679 143
0 -0.394701 -56.4422 143
0 -0.395847 -56.6061 143
0 -0.398979 -57.054 143
0 -0.399456 -57.1223 143
0 -0.399418 -57.1168 143
0 -0.403181 -57.6548 143
0 -0.405396 -57.9716 143
0 -0.407287 -58.242 143
0 -0.407401 -58.2584 143
0 -0.407726 -58.3048 143
0 -0.408681 -58.4413 143
0 -0.408432 -58.4058 143
0 -0.41096 -58.7672 143
0 -0.407923 -58.333 143
0 -0.408802 -58.4586 143
0 -0.408693 -58.4432 143
0 -0.408426 -58.4049 143
0 -0.408732 -58.4486 143
0 -0.407337 -58.2493 143
0 -0.407528 -58.2766 143
0 -0.407401 -58.2584 143
0 -0.408432 -58.4058 143
0 -0.40595 -58.0508 143
0 -0.406141 -58.0781 143
0 -0.403677 -57.7258 143
0 -0.407315 -58.2461 143
0 -0.410333 -58.6776 143
0 -0.412701 -59.0162 143
0 -0.413751 -59.1664 143
0 -0.41249 -59.3986 144
0 -0.414387 -59.6717 144
0 -0.413609 -59.5597 144
0 -0.413021 -59.475 144
0 -0.412907 -59.4586 144
0 -0.413524 -59.5474 144
0 -0.413846 -59.5938 144
0 -0.412594 -59.4136 144
0 -0.412291 -59.3699 144
0 -0.414168 -59.6403 144
0 -0.410944 -59.176 144
0 -0.407197 -59.0435 145
0 -0.407121 -59.0326 145
0 -0.409206 -59.3348 145
0 -0.409648 -59.399 145
0 -0.40801 -59.1614 145
0 -0.41027 -59.4891 145
0 -0.411494 -59.6667 145
0 -0.41145 -59.6603 145
0 -0.412781 -59.8533 145
0 -0.412648 -60.2465 146
0 -0.410609 -59.9489 146
0 -0.411245 -60.0417 146
0 -0.412448 -60.2174 146
0 -0.411625 -60.0972 146
0 -0.412448 -60.2174 146
0 -0.413832 -60.4195 146
0 -0.41617 -60.7609 146
0 -0.414973 -60.5861 146
0 -0.412354 -60.2038 146
0 -0.410565 -59.9425 146
0 -0.412716 -60.2566 146
0 -0.412641 -60.2456 146
0 -0.412585 -60.2374 146
0 -0.412548 -60.232 146
0 -0.411407 -60.0654 146
0 -0.410827 -59.9807 146
0 -0.411482 -60.0763 146
0 -0.410191 -59.8879 146
0 -0.412436 -60.2156 146
0 -0.41208 -60.1637 146
0 -0.409184 -60.15 147
0 -0.409803 -60.2411 147
0 -0.410992 -60.4159 147
0 -0.41019 -60.7081 148
0 -0.40955 -60.6134 148
0 -0.408757 -60.496 148
0 -0.409064 -60.5415 148
0 -0.408252 -60.4213 148
0 -0.403021 -60.4532 150
0 -0.401273 -60.191 150
0 -0.400436 -60.0654 150
0 -0.401255 -60.1883 150
0 -0.402621 -60.3931 150
0 -0.406626 -60.9939 150
0 -0.408993 -61.349 150
0 -0.409539 -61.4309 150
0 -0.410346 -61.552 150
0 -0.411876 -61.7814 150
0 -0.412058 -61.8087 150
0 -0.414133 -62.12 150
0 -0.4161 -62.415 150
0 -0.415135 -62.2702 150
0 -0.416227 -62.4341 150
0 -0.417611 -62.6416 150
0 -0.418248 -62.7372 150
0 -0.41914 -62.871 150
0 -0.418048 -62.7072 150
0 -0.416883 -62.5324 150
0 -0.419055 -62.8583 150
0 -0.414886 -62.2329 150
0 -0.416179 -62.4268 150
0 -0.416834 -62.5251 150
0 -0.416124 -62.4186 150
0 -0.409912 -62.3066 152
0 -0.408924 -62.1564 152
0 -0.402053 -61.9161 154
0 -0.399978 -61.5966 154
0 -0.402425 -61.9734 154
0 -0.403241 -62.0991 154
0 -0.404057 -62.2247 154
0 -0.405635 -62.4678 154
0 -0.405387 -62.4295 154
0 -0.405369 -62.4268 154
0 -0.406947 -62.6699 154
0 -0.409282 -63.0294 154
0 -0.407881 -62.8137 154
0 -0.40794 -62.8228 154
0 -0.410281 -63.1833 154
0 -0.410795 -63.2625 154
0 -0.409359 -63.0413 154
0 -0.413172 -63.6284 154
0 -0.41491 -63.8961 154
0 -0.414927 -63.8988 154
0 -0.413721 -63.7131 154
0 -0.41459 -63.8469 154
0 -0.4154 -63.9716 154
0 -0.414519 -63.836 154
0 -0.417712 -64.3276 154
0 -0.418829 -64.4996 154
0 -0.419751 -64.6416 154
0 -0.420265 -64.7208 154
0 -0.421347 -64.8874 154
0 -0.422925 -65.1305 154
0 -0.421483 -65.3299 155
0 -0.421941 -65.4009 155
0 -0.420338 -65.1523 155
0 -0.423033 -65.5702 155
0 -0.421871 -65.3899 155
0 -0.418235 -64.8264 155
0 -0.419116 -64.963 155
0 -0.417372 -64.6926 155
0 -0.415187 -64.354 155
0 -0.415169 -64.3512 155
0 -0.412896 -63.9989 155
0 -0.410447 -63.6193 155
0 -0.411927 -63.8487 155
0 -0.410782 -63.6712 155
0 -0.41087 -63.6849 155
0 -0.413161 -64.0399 155
0 -0.411364 -63.7614 155
0 -0.412562 -63.9471 155
0 -0.414183 -64.1983 155
0 -0.412703 -63.9689 155
0 -0.412253 -63.8993 155
0 -0.413046 -64.0222 155
0 -0.415172 -64.3517 155
0 -0.415243 -64.3626 155
0 -0.414767 -64.2889 155
0 -0.414109 -64.1869 155
0 -0.413792 -64.1378 155
0 -0.412876 -63.9958 155
0 -0.413493 -64.0913 155
0 -0.413986 -64.1678 155
0 -0.414285 -64.2142 155
0 -0.415325 -64.3754 155
0 -0.414867 -64.3044 155
0 -0.414021 -64.1733 155
0 -0.412753 -63.9766 155
0 -0.413651 -64.1159 155
0 -0.416558 -64.5665 155
0 -0.415108 -64.3417 155
0 -0.414227 -64.2051 155
0 -0.416006 -64.481 155
0 -0.41472 -64.2816 155
0 -0.414209 -64.2024 155
0 -0.414139 -64.1915 155
0 -0.411799 -64.2406 156
0 -0.413375 -64.4864 156
0 -0.41275 -64.389 156
0 -0.413526 -64.5101 156
0 -0.413544 -64.5128 156
0 -0.415108 -64.7568 156
0 -0.41369 -64.5356 156
0 -0.412011 -64.6858 157
0 -0.411664 -64.6312 157
0 -0.411037 -64.5329 157
0 -0.409854 -64.3472 157
0 -0.407228 -63.9348 157
0 -0.410742 -64.4864 157
0 -0.413855 -64.9753 157
0 -0.412638 -64.7841 157
0 -0.413431 -65.3221 158
0 -0.41414 -65.4341 158
0 -0.414641 -65.5133 158
0 -0.412085 -65.5215 159
0 -0.412818 -65.638 159
0 -0.410688 -65.2994 159
0 -0.411833 -65.4814 159
0 -0.414392 -65.8884 159
0 -0.414925 -65.973 159
0 -0.414858 -66.3772 160
0 -0.415353 -66.4564 160
0 -0.417378 -66.7805 160
0 -0.415557 -66.4892 160
0 -0.414619 -66.339 160
0 -0.413782 -66.2051 160
0 -0.415591 -66.4946 160
0 -0.417486 -66.7978 160
0 -0.419108 -67.0572 160
0 -0.419074 -67.0518 160
0 -0.417658 -67.2429 161
0 -0.41854 -67.3849 161
0 -0.418048 -67.3057 161
0 -0.418659 -67.4041 161
0 -0.419694 -67.5707 161
0 -0.420966 -67.7755 161
0 -0.417958 -67.2912 161
0 -0.417941 -67.2885 161
0 -0.419637 -67.5616 161
0 -0.419433 -67.5288 161
0 -0.422769 -68.0659 161
0 -0.421836 -67.9157 161
0 -0.422685 -68.0522 161
0 -0.422736 -68.0604 161
0 -0.421756 -68.3244 162
0 -0.424183 -68.7177 162
0 -0.424217 -68.7231 162
0 -0.424324 -68.7404 162
0 -0.425757 -68.9726 162
0 -0.426869 -69.1528 162
0 -0.424105 -68.7049 162
0 -0.426734 -69.131 162
0 -0.427493 -69.2539 162
0 -0.42579 -68.978 162
0 -0.428386 -69.3986 162
0 -0.42701 -69.1756 162
0 -0.427937 -69.3258 162
0 -0.427448 -69.2466 162
0 -0.429437 -69.5688 162
0 -0.428948 -69.4896 162
0 -0.428415 -69.4032 162
0 -0.426206 -69.0454 162
0 -0.42565 -68.9553 162
0 -0.425886 -68.9935 162
0 -0.424453 -68.7614 162
0 -0.42334 -68.5811 162
0 -0.423205 -68.5593 162
0 -0.423526 -68.6112 162
0 -0.424936 -68.8397 162
0 -0.424683 -68.7987 162
0 -0.425796 -68.9789 162
0 -0.427532 -69.2602 162
0 -0.429758 -69.6207 162
0 -0.429876 -69.6399 162
0 -0.429623 -69.5989 162
0 -0.43023 -69.6972 162
0 -0.428797 -69.4651 162
0 -0.425948 -69.0035 162
0 -0.426791 -69.1401 162
0 -0.427212 -69.2084 162
0 -0.427718 -69.2903 162
0 -0.427667 -69.2821 162
0 -0.426285 -69.0581 162
0 -0.426689 -69.1237 162
0 -0.425375 -68.9107 162
0 -0.425138 -68.8724 162
0 -0.42347 -68.6021 162
0 -0.422469 -68.44 162
0 -0.421435 -68.2725 162
0 -0.421351 -68.2589 162
0 -0.420845 -68.1769 162
0 -0.419884 -68.0213 162
0 -0.41953 -67.9639 162
0 -0.419514 -67.9612 162
0 -0.421199 -68.2343 162
0 -0.420975 -68.1979 162
0 -0.420991 -68.2006 162
0 -0.421784 -68.329 162
0 -0.420098 -68.0559 162
0 -0.421548 -68.2907 162
0 -0.42293 -68.5147 162
0 -0.426116 -69.0308 162
0 -0.426807 -69.1428 162
0 -0.426824 -69.1455 162
0 -0.42778 -69.3003 162
0 -0.426414 -69.0791 162
0 -0.425082 -68.8633 162
0 -0.425116 -68.8688 162
0 -0.424543 -68.7759 162
0 -0.424964 -68.8442 162
0 -0.422014 -68.3663 162
0 -0.424501 -68.7691 162
0 -0.423944 -68.679 162
0 -0.425091 -68.8647 162
0 -0.42069 -68.5725 163
0 -0.422701 -68.9002 163
0 -0.42136 -68.6817 163
0 -0.420897 -68.6062 163
0 -0.420428 -68.5297 163
0 -0.420294 -68.5078 163
0 -0.421667 -68.7318 163
0 -0.419975 -68.456 163
0 -0.420997 -68.6225 163
0 -0.42064 -68.5643 163
0 -0.4204 -68.5251 163
0 -0.417986 -68.5497 164
0 -0.418247 -68.5925 164
0 -0.420329 -68.9339 164
0 -0.420029 -68.8847 164
0 -0.418647 -68.6581 164
0 -0.41858 -68.6471 164
0 -0.415116 -68.0791 164
0 -0.414706 -68.0117 164
0 -0.413124 -67.7523 164
0 -0.412707 -67.684 164
0 -0.412358 -67.6266 164
0 -0.412413 -67.6357 164
0 -0.411197 -67.4364 164
0 -0.410681 -67.3517 164
0 -0.410848 -67.379 164
0 -0.4119 -67.5515 164
0 -0.412152 -67.593 164
0 -0.411786 -67.5329 164
0 -0.40838 -67.3827 165
0 -0.409174 -67.5138 165
0 -0.410482 -67.7295 165
0 -0.412824 -68.1159 165
0 -0.412929 -68.1332 165
0 -0.411787 -67.9448 165
0 -0.412482 -68.0595 165
0 -0.413723 -68.2643 165
0 -0.415566 -68.5684 165
0 -0.416228 -68.6776 165
0 -0.415108 -68.4928 165
0 -0.412394 -68.0449 165
0 -0.413552 -68.2361 165
0 -0.413089 -68.1596 165
0 -0.413436 -68.217 165
0 -0.412973 -68.1405 165
0 -0.410123 -68.0804 166
0 -0.41037 -68.1214 166
0 -0.411044 -68.2334 166
0 -0.411357 -68.2853 166
0 -0.412986 -68.5556 166
0 -0.412262 -68.4355 166
0 -0.411357 -68.2853 166
0 -0.412054 -68.4009 166
0 -0.408697 -67.8438 166
0 -0.407233 -67.6007 166
0 -0.405489 -67.3112 166
0 -0.406575 -67.4915 166
0 -0.407398 -67.628 166
0 -0.408812 -67.8629 166
0 -0.407348 -67.6198 166
0 -0.40572 -67.3494 166
0 -0.407299 -67.6116 166
0 -0.40799 -67.7263 166
0 -0.408385 -67.7919 166
0 -0.407771 -67.6899 166
0 -0.405155 -67.2557 166
0 -0.405374 -67.2921 166
0 -0.407875 -67.7072 166
0 -0.407052 -67.5707 166
0 -0.405149 -67.2548 166
0 -0.407271 -67.6071 166
0 -0.407749 -67.6863 166
0 -0.405765 -67.7627 167
0 -0.40213 -67.5579 168
0 -0.399952 -67.192 168
0 -0.401109 -67.3863 168
0 -0.399191 -67.0641 168
0 -0.396522 -67.0122 169
0 -0.396802 -67.0595 169
0 -0.399016 -67.4336 169
0 -0.399678 -67.5456 169
0 -0.40058 -67.6981 169
0 -0.399288 -67.4796 169
0 -0.398101 -67.6772 170
0 -0.398187 -67.6917 170
0 -0.398813 -67.7982 170
0 -0.398331 -67.7163 170
0 -0.40111 -68.1888 170
0 -0.397232 -67.9266 171
0 -0.395028 -67.5497 171
0 -0.396257 -67.76 171
0 -0.394564 -67.4705 171
0 -0.395858 -67.6917 171
0 -0.396284 -67.7646 171
0 -0.396444 -67.7919 171
0 -0.398014 -68.0604 171
0 -0.398158 -68.085 171
0 -0.398956 -68.2215 171
0 -0.397104 -67.9047 171
0 -0.398988 -68.227 171
0 -0.398781 -68.1915 171
0 -0.399771 -68.3608 171
0 -0.399814 -68.3681 171
0 -0.399542 -68.3217 171
0 -0.399494 -68.3135 171
0 -0.400612 -68.5047 171
0 -0.400181 -68.4309 171
0 -0.399606 -68.3326 171
0 -0.399654 -68.3408 171
0 -0.398807 -68.1961 171
0 -0.397386 -67.953 171
0 -0.397051 -67.8956 171
0 -0.39737 -67.9503 171
0 -0.399909 -68.3845 171
0 -0.399925 -68.3872 171
0 -0.397929 -68.0459 171
0 -0.400229 -68.4391 171
0 -0.399382 -68.2944 171
0 -0.400293 -68.45 171
0 -0.399803 -68.3663 171
0 -0.398797 -68.1942 171
0 -0.400905 -68.5547 171
0 -0.400122 -68.4209 171
0 -0.401799 -68.7077 171
0 -0.399146 -68.653 172
0 -0.400543 -68.8934 172
0 -0.399527 -68.7186 172
0 -0.402051 -69.1528 172
0 -0.402816 -69.2844 172
0 -0.403811 -69.8592 173
0 -0.400454 -69.679 174
0 -0.400344 -69.6599 174
0 -0.402212 -69.9849 174
0 -0.402243 -69.9903 174
0 -0.401631 -69.8838 174
0 -0.404064 -70.3071 174
0 -0.404378 -70.3617 174
0 -0.404645 -70.4082 174
0 -0.40408 -70.3099 174
0 -0.405084 -70.4846 174
0 -0.405994 -70.643 174
0 -0.405215 -70.5074 174
0 -0.4051 -70.4874 174
0 -0.405272 -70.5174 174
0 -0.403829 -70.2662 174
0 -0.405832 -70.6148 174
0 -0.404205 -70.3317 174
0 -0.40465 -70.4091 174
0 -0.406596 -70.7477 174
0 -0.407852 -70.9662 174
0 -0.407627 -70.9271 174
0 -0.40827 -71.039 174
0 -0.408276 -71.0399 174
0 -0.408762 -71.1246 174
0 -0.408453 -71.0709 174
0 -0.406021 -70.6476 174
0 -0.40434 -70.7596 175
0 -0.405011 -70.877 175
0 -0.404574 -70.8005 175
0 -0.403779 -70.6612 175
0 -0.403373 -70.5902 175
0 -0.404918 -70.8606 175
0 -0.404184 -70.7323 175
0 -0.404699 -70.8224 175
0 -0.403014 -70.5274 175
0 -0.404184 -70.7323 175
0 -0.403346 -70.989 176
0 -0.402043 -70.7596 176
0 -0.402219 -70.7905 176
0 -0.403253 -70.9726 176
0 -0.404083 -71.1187 176
0 -0.401399 -70.6462 176
0 -0.40264 -70.8647 176
0 -0.403005 -70.9289 176
0 -0.403921 -71.09 176
0 -0.401521 -70.6676 176
0 -0.400486 -70.4856 176
0 -0.397771 -70.0076 176
0 -0.396219 -69.7345 176
0 -0.396824 -69.841 176
0 -0.396917 -69.8574 176
0 -0.398567 -70.1478 176
0 -0.400321 -70.4564 176
0 -0.402027 -70.7568 176
0 -0.403274 -70.9762 176
0 -0.40149 -70.6622 176
0 -0.402653 -70.867 176
0 -0.400559 -70.4983 176
0 -0.400962 -70.5693 176
0 -0.398681 -70.1678 176
0 -0.397952 -70.0395 176
0 -0.398443 -70.126 176
0 -0.400972 -70.5711 176
0 -0.399896 -70.3818 176
0 -0.396886 -69.852 176
0 -0.3985 -70.136 176
0 -0.398671 -70.166 176
0 -0.399483 -70.3089 176
0 -0.39774 -70.0022 176
0 -0.39671 -69.821 176
0 -0.395996 -69.6954 176
0 -0.396995 -69.8711 176
0 -0.395971 -69.6908 176
0 -0.393868 -69.3208 176
0 -0.394458 -69.4246 176
0 -0.395482 -69.6048 176
0 -0.394217 -69.3822 176
0 -0.392122 -69.0135 176
0 -0.393876 -69.3221 176
0 -0.392665 -69.1091 176
0 -0.391874 -68.9698 176
0 -0.390415 -68.7131 176
0 -0.391843 -68.9644 176
0 -0.391393 -68.8852 176
0 -0.391703 -68.9398 176
0 -0.392782 -69.1296 176
0 -0.39407 -69.3563 176
0 -0.395073 -69.5329 176
0 -0.392965 -69.5547 177
0 -0.393474 -69.6449 177
0 -0.391375 -69.2734 177
0 -0.391514 -69.298 177
0 -0.390504 -69.1191 177
0 -0.39038 -69.0973 177
0 -0.391784 -69.3458 177
0 -0.392062 -69.395 177
0 -0.388555 -69.1628 178
0 -0.389092 -69.2584 178
0 -0.390258 -69.466 178
0 -0.389744 -69.3745 178
0 -0.391759 -69.7332 178
0 -0.392695 -69.8998 178
0 -0.392066 -69.7878 178
0 -0.391989 -69.7741 178
0 -0.393984 -70.1292 178
0 -0.392971 -69.9489 178
0 -0.39222 -69.8151 178
0 -0.392373 -69.8424 178
0 -0.392005 -69.7769 178
0 -0.393508 -70.0445 178
0 -0.3938 -70.0964 178
0 -0.394183 -70.1647 178
0 -0.392988 -70.3449 179
0 -0.391096 -70.0063 179
0 -0.388793 -69.5939 179
0 -0.389337 -69.6913 179
0 -0.391117 -70.0099 179
0 -0.390735 -69.9416 179
0 -0.389515 -69.7231 179
0 -0.388109 -69.8597 180
0 -0.3877 -69.786 180
0 -0.38728 -69.7104 180
0 -0.384332 -69.1797 180
0 -0.385014 -69.3026 180
0 -0.386289 -69.532 180
0 -0.38506 -69.3108 180
0 -0.385894 -69.461 180
0 -0.386365 -69.5456 180
0 -0.388898 -70.0017 180
0 -0.3882 -69.8761 180
0 -0.384849 -69.6576 181
0 -0.381474 -69.4282 182
0 -0.379973 -69.1551 182
0 -0.381919 -69.5092 182
0 -0.381694 -69.4683 182
0 -0.383554 -69.8069 182
0 -0.384815 -70.0363 182
0 -0.38473 -70.0208 182
0 -0.382914 -69.6904 182
0 -0.382749 -69.6603 182
0 -0.382149 -69.5511 182
0 -0.382254 -69.5702 182
0 -0.381294 -69.3954 182
0 -0.383304 -69.7614 182
0 -0.383279 -69.7568 182
0 -0.383579 -69.8114 182
0 -0.382514 -69.6175 182
0 -0.382919 -69.6913 182
0 -0.382769 -69.664 182
0 -0.38434 -69.9498 182
0 -0.383837 -69.8583 182
0 -0.383627 -69.8201 182
0 -0.383042 -69.7136 182
0 -0.383132 -69.73 182
0 -0.381406 -69.4159 182
0 -0.37838 -68.8652 182
0 -0.378755 -68.9334 182
0 -0.37967 -69.1 182
0 -0.379625 -69.0918 182
0 -0.380706 -69.2885 182
0 -0.381606 -69.4523 182
0 -0.379355 -69.0427 182
0 -0.376429 -68.5101 182
0 -0.374343 -68.1305 182
0 -0.376524 -68.5274 182
0 -0.37825 -68.8415 182
0 -0.37975 -69.1146 182
0 -0.37831 -68.8524 182
0 -0.376774 -68.5729 182
0 -0.37877 -68.9362 182
0 -0.37857 -68.8997 182
0 -0.37974 -69.1128 182
0 -0.37875 -68.9325 182
0 -0.37926 -69.0254 182
0 -0.37731 -68.6703 182
0 -0.37962 -69.0909 182
0 -0.379823 -69.1278 182
0 -0.381624 -69.4555 182
0 -0.382569 -69.6276 182
0 -0.382319 -69.582 182
0 -0.38448 -69.9753 182
0 -0.382949 -69.6967 182
0 -0.380398 -69.2325 182
0 -0.380893 -69.3226 182
0 -0.382859 -69.6804 182
0 -0.380811 -69.3076 182
0 -0.37952 -69.0727 182
0 -0.379595 -69.0864 182
0 -0.378455 -68.8788 182
0 -0.37925 -69.0236 182
0 -0.380196 -69.1956 182
0 -0.377969 -69.1683 183
0 -0.378635 -69.2903 183
0 -0.379964 -69.5333 183
0 -0.381381 -69.7928 183
0 -0.383456 -70.1724 183
0 -0.38561 -70.5666 183
0 -0.387438 -70.9011 183
0 -0.389557 -71.2889 183
0 -0.388333 -71.065 183
0 -0.38895 -71.1779 183
0 -0.388741 -71.1396 183
0 -0.3872 -71.2448 184
0 -0.385934 -71.3977 185
0 -0.385742 -71.3622 185
0 -0.385328 -71.2857 185
0 -0.38431 -71.0973 185
0 -0.383173 -70.887 185
0 -0.383764 -70.9963 185
0 -0.381131 -70.5092 185
0 -0.380599 -70.4109 185
0 -0.381928 -70.6567 185
0 -0.381441 -70.5666 185
0 -0.380697 -70.8096 186
0 -0.382738 -71.1892 186
0 -0.382987 -71.2357 186
0 -0.386027 -71.801 186
0 -0.387084 -71.9976 186
0 -0.386952 -71.973 186
0 -0.38656 -71.9002 186
0 -0.384945 -71.5998 186
0 -0.383827 -71.3918 186
0 -0.383061 -71.2493 186
0 -0.382782 -71.1974 186
0 -0.384789 -71.5707 186
0 -0.383709 -71.7537 187
0 -0.386221 -72.2234 187
0 -0.386178 -72.2152 187
0 -0.387195 -72.4055 187
0 -0.385048 -72.3891 188
0 -0.384307 -72.2498 188
0 -0.383281 -72.0568 188
0 -0.384516 -72.2889 188
0 -0.387404 -72.8319 188
0 -0.389336 -73.1952 188
0 -0.389307 -73.1897 188
0 -0.389426 -73.212 188
0 -0.390384 -73.3923 188
0 -0.389842 -73.2903 188
0 -0.38759 -72.867 188
0 -0.387285 -72.8096 188
0 -0.385484 -72.471 188
0 -0.385654 -72.5029 188
0 -0.38357 -72.4947 189
0 -0.382072 -72.2116 189
0 -0.380786 -71.9685 189
0 -0.378322 -71.8811 190
0 -0.373543 -71.3467 191
0 -0.372671 -71.1801 191
0 -0.37381 -71.3977 191
0 -0.372517 -71.5233 192
0 -0.371323 -71.2939 192
0 -0.370569 -71.1492 192
0 -0.371579 -71.3431 192
0 -0.370298 -71.0973 192
0 -0.371906 -71.4059 192
0 -0.372546 -71.5288 192
0 -0.371123 -71.2557 192
0 -0.370455 -71.1273 192
0 -0.372276 -71.4769 192
0 -0.371991 -71.4223 192
0 -0.372148 -71.4523 192
0 -0.373428 -71.6981 192
0 -0.371536 -71.3349 192
0 -0.371705 -71.7391 193
0 -0.371903 -71.7773 193
0 -0.370502 -71.507 193
0 -0.370686 -71.5425 193
0 -0.372172 -71.8292 193
0 -0.370981 -71.5993 193
0 -0.369571 -71.3272 193
0 -0.369712 -71.3545 193
0 -0.36729 -71.2543 194
0 -0.367741 -71.3417 194
0 -0.369775 -71.7364 194
0 -0.369057 -71.5971 194
0 -0.366819 -71.8966 196
0 -0.366462 -71.8265 196
0 -0.369221 -72.3672 196
0 -0.370043 -72.5283 196
0 -0.369464 -72.415 196
0 -0.368433 -72.2129 196
0 -0.37031 -72.5807 196
0 -0.369316 -72.3859 196
0 -0.369868 -72.4942 196
0 -0.367949 -72.486 197
0 -0.369613 -72.8137 197
0 -0.370643 -73.0167 197
0 -0.370766 -73.0409 197
0 -0.37005 -72.8998 197
0 -0.369689 -72.8288 197
0 -0.370801 -73.4187 198
0 -0.368976 -73.0573 198
0 -0.366935 -72.6531 198
0 -0.366073 -72.4824 198
0 -0.366073 -72.4824 198
0 -0.366211 -72.5097 198
0 -0.365939 -72.456 198
0 -0.366063 -72.4806 198
0 -0.366146 -72.4969 198
0 -0.364955 -72.2612 198
0 -0.364776 -72.2257 198
0 -0.364128 -72.0973 198
0 -0.364004 -72.0727 198
0 -0.3649 -72.2502 198
0 -0.365093 -72.2885 198
0 -0.3657 -72.4086 198
0 -0.365645 -72.3977 198
0 -0.365788 -72.4259 198
0 -0.367328 -72.7309 198
0 -0.368983 -73.0586 198
0 -0.370735 -73.4055 198
0 -0.371976 -73.6512 198
0 -0.373479 -73.9489 198
0 -0.37736 -74.7173 198
0 -0.377236 -74.6927 198
0 -0.378325 -74.9084 198
0 -0.378204 -75.2625 199
0 -0.378698 -75.3609 199
0 -0.377463 -75.1151 199
0 -0.378643 -75.3499 199
0 -0.377723 -75.167 199
0 -0.378657 -75.3527 199
0 -0.380139 -75.6476 199
0 -0.38233 -76.0837 199
0 -0.383469 -76.3103 199
0 -0.38513 -76.6408 199
0 -0.386392 -76.892 199
0 -0.3869 -76.9931 199
0 -0.386827 -76.9785 199
0 -0.384713 -76.558 199
0 -0.383862 -76.3886 199
0 -0.385303 -76.6754 199
0 -0.383917 -76.3996 199
0 -0.381538 -76.3076 200
0 -0.381763 -76.3527 200
0 -0.381087 -76.2175 200
0 -0.380687 -76.1374 200
0 -0.380154 -76.0309 200
0 -0.379868 -75.9735 200
0 -0.382325 -76.4651 200
0 -0.384087 -76.8174 200
0 -0.386572 -77.3144 200
0 -0.38609 -77.2179 200
0 -0.388561 -77.7123 200
0 -0.38792 -77.5839 200
0 -0.388752 -77.7505 200
0 -0.387335 -77.8543 201
0 -0.388096 -78.0072 201
0 -0.389468 -78.283 201
0 -0.391255 -78.6422 201
0 -0.391812 -78.7541 201
0 -0.392989 -78.9908 201
0 -0.394289 -79.2521 201
0 -0.394425 -79.2794 201
0 -0.394221 -79.2384 201
0 -0.390169 -78.8142 202
0 -0.38998 -78.776 202
0 -0.390057 -78.7915 202
0 -0.391557 -79.0946 202
0 -0.389875 -79.1447 203
0 -0.388673 -78.9007 203
0 -0.390149 -79.2002 203
0 -0.392431 -79.6636 203
0 -0.394429 -80.0691 203
0 -0.396999 -80.5907 203
0 -0.39564 -80.3149 203
0 -0.394896 -80.1638 203
0 -0.393227 -79.8252 203
0 -0.391783 -79.532 203
0 -0.39294 -79.7669 203
0 -0.391277 -79.8206 204
0 -0.392005 -79.969 204
0 -0.391871 -79.9417 204
0 -0.391362 -79.8379 204
0 -0.390751 -79.7132 204
0 -0.39217 -80.0027 204
0 -0.391835 -79.9344 204
0 -0.392719 -80.1146 204
0 -0.391701 -79.9071 204
0 -0.390657 -79.6941 204
0 -0.390657 -79.6941 204
0 -0.392982 -80.1683 204
0 -0.391965 -79.9608 204
0 -0.392821 -80.1356 204
0 -0.393638 -80.3022 204
0 -0.395124 -80.6053 204
0 -0.39752 -81.0942 204
0 -0.396851 -80.9576 204
0 -0.398846 -81.3645 204
0 -0.398962 -81.3882 204
0 -0.400535 -81.7091 204
0 -0.401641 -81.9349 204
0 -0.40209 -82.0263 204
0 -0.402726 -82.1561 204
0 -0.403266 -82.2662 204
0 -0.403667 -82.3482 204
0 -0.40429 -82.4751 204
0 -0.406584 -82.9431 204
0 -0.406659 -82.9585 204
0 -0.405696 -82.7619 204
0 -0.404317 -82.4806 204
0 -0.405789 -82.781 204
0 -0.405053 -82.6308 204
0 -0.405696 -82.7619 204
0 -0.407904 -83.2125 204
0 -0.409507 -83.5393 204
0 -0.408395 -83.3127 204
0 -0.408315 -83.2963 204
0 -0.407391 -83.1078 204
0 -0.407887 -83.2089 204
0 -0.404995 -82.619 204
0 -0.408087 -83.2498 204
0 -0.408663 -83.3673 204
0 -0.410832 -83.8097 204
0 -0.410899 -83.8234 204
0 -0.41226 -84.101 204
0 -0.411095 -83.8634 204
0 -0.412041 -84.0564 204
0 -0.410537 -83.7496 204
0 -0.410263 -83.6936 204
0 -0.407443 -83.1183 204
0 -0.410548 -83.3413 203
0 -0.41032 -83.2949 203
0 -0.41075 -83.3823 203
0 -0.411279 -83.4897 203
0 -0.412409 -83.7191 203
0 -0.412235 -83.6836 203
0 -0.411499 -83.5343 203
0 -0.411607 -83.5562 203
0 -0.410678 -83.3677 203
0 -0.409885 -83.2066 203
0 -0.41075 -83.3823 203
0 -0.410387 -83.3086 203
0 -0.409815 -83.1925 203
0 -0.410555 -83.3427 203
0 -0.410273 -83.2853 203
0 -0.410165 -83.2635 203
0 -0.410448 -83.3208 203
0 -0.411578 -83.5503 203
0 -0.411497 -83.5339 203
0 -0.413138 -83.867 203
0 -0.41447 -84.1374 203
0 -0.414806 -84.2057 203
0 -0.415291 -84.304 203
0 -0.416999 -84.6508 203
0 -0.417739 -84.8011 203
0 -0.415923 -84.4324 203
0 -0.416125 -84.4733 203
0 -0.417416 -84.7355 203
0 -0.414995 -84.2439 203
0 -0.414053 -84.0528 203
0 -0.414631 -84.1702 203
0 -0.415883 -84.4242 203
0 -0.417062 -84.6636 203
0 -0.416813 -84.6131 203
0 -0.418495 -84.9544 203
0 -0.415961 -84.8561 204
0 -0.416243 -84.9135 204
0 -0.419061 -85.4884 204
0 -0.421684 -86.0236 204
0 -0.421133 -86.3322 205
0 -0.420933 -86.2913 205
0 -0.419441 -85.9854 205
0 -0.421484 -86.4042 205
0 -0.421817 -86.4724 205
0 -0.421208 -86.3477 205
0 -0.422008 -86.5116 205
0 -0.41921 -85.9381 205
0 -0.418198 -85.7305 205
0 -0.418384 -85.7687 205
0 -0.417998 -85.6895 205
0 -0.418078 -85.7059 205
0 -0.418753 -85.8443 205
0 -0.416848 -85.4538 205
0 -0.416981 -85.4811 205
0 -0.418309 -85.7533 205
0 -0.418375 -85.7669 205
0 -0.418095 -85.7096 205
0 -0.418082 -85.7068 205
0 -0.417141 -85.5138 205
0 -0.417434 -85.5739 205
0 -0.417736 -85.6358 205
0 -0.414581 -85.4037 206
0 -0.414144 -85.7278 207
0 -0.41454 -85.8097 207
0 -0.414843 -85.8725 207
0 -0.415067 -85.9189 207
0 -0.414976 -86.3149 208
0 -0.416906 -86.7164 208
0 -0.420066 -87.3737 208
0 -0.419015 -87.1552 208
0 -0.419799 -87.3181 208
0 -0.419943 -87.3482 208
0 -0.418236 -86.9931 208
0 -0.419939 -87.3473 208
0 -0.42281 -87.9444 208
0 -0.422101 -87.797 208
0 -0.421764 -87.7269 208
0 -0.422862 -87.9554 208
0 -0.421024 -87.573 208
0 -0.418906 -87.1324 208
0 -0.421125 -87.594 208
0 -0.421453 -87.6622 208
0 -0.421703 -87.7141 208
0 -0.421525 -87.6773 208
0 -0.423075 -87.9995 208
0 -0.422856 -87.954 208
0 -0.422558 -87.8921 208
0 -0.423827 -88.1561 208
0 -0.425285 -88.4592 208
0 -0.425377 -88.4784 208
0 -0.426726 -89.1857 209
0 -0.42538 -88.9044 209
0 -0.426708 -89.182 209
0 -0.426264 -89.0892 209
0 -0.425371 -88.9026 209
0 -0.426199 -89.0755 209
0 -0.427218 -89.2886 209
0 -0.4271 -89.264 209
0 -0.428198 -89.4934 209
0 -0.428015 -89.4551 209
0 -0.428812 -89.6217 209
0 -0.424767 -89.2012 210
0 -0.423688 -88.9745 210
0 -0.425509 -89.3568 210
0 -0.425054 -89.2612 210
0 -0.428084 -89.8976 210
0 -0.42863 -90.0123 210
0 -0.428014 -90.3109 211
0 -0.427146 -90.1279 211
0 -0.427819 -90.2699 211
0 -0.428337 -90.3791 211
0 -0.426098 -90.3327 212
0 -0.424732 -90.0432 212
0 -0.423461 -89.7738 212
0 -0.422171 -89.5002 212
0 -0.421557 -89.37 212
0 -0.420874 -89.2253 212
0 -0.418979 -89.2426 213
0 -0.418864 -89.218 213
0 -0.417415 -88.9094 213
0 -0.417364 -88.8985 213
0 -0.414819 -88.3564 213
0 -0.41469 -88.3291 213
0 -0.41496 -88.3864 213
0 -0.415601 -88.523 213
0 -0.415062 -88.4083 213
0 -0.414255 -88.2362 213
0 -0.415494 -88.5002 213
0 -0.415334 -88.4661 213
0 -0.416872 -88.7938 213
0 -0.417667 -88.9631 213
0 -0.416795 -88.7774 213
0 -0.417783 -88.9877 213
0 -0.416206 -88.6518 213
0 -0.414808 -88.3541 213
0 -0.415667 -88.5371 213
0 -0.415505 -88.5025 213
0 -0.411643 -87.68 213
0 -0.40972 -87.2703 213
0 -0.410096 -87.3505 213
0 -0.408339 -86.9763 213
0 -0.409147 -87.1484 213
0 -0.410468 -87.4297 213
0 -0.411814 -87.7164 213
0 -0.413442 -88.0632 213
0 -0.411761 -88.117 214
0 -0.411659 -88.0951 214
0 -0.413012 -88.3846 214
0 -0.413746 -88.9554 215
0 -0.414572 -89.1329 215
0 -0.414546 -89.1274 215
0 -0.415143 -89.2558 215
0 -0.416109 -89.4633 215
0 -0.417506 -89.7638 215
0 -0.418039 -89.8785 215
0 -0.418103 -89.8921 215
0 -0.417582 -89.7801 215
0 -0.417303 -89.7201 215
0 -0.417823 -89.832 215
0 -0.418785 -90.0387 215
0 -0.417946 -89.8584 215
0 -0.418124 -89.8967 215
0 -0.417137 -89.6846 215
0 -0.415689 -89.3732 215
0 -0.415084 -89.243 215
0 -0.417845 -89.8366 215
0 -0.417705 -89.8065 215
0 -0.419737 -90.2435 215
0 -0.419386 -90.1679 215
0 -0.417609 -90.2034 216
0 -0.417741 -90.2321 216
0 -0.416257 -90.3277 217
0 -0.414382 -89.9208 217
0 -0.416584 -90.3987 217
0 -0.415692 -90.6208 218
0 -0.41806 -91.137 218
0 -0.417546 -91.025 218
0 -0.41808 -91.1415 218
0 -0.417467 -91.0077 218
-0.00162314 -0.417824 -91.0856 218
-0.00162314 -0.417611 -91.0391 218
-0.00325996 -0.417886 -91.0992 218
-0.00325996 -0.417924 -91.1074 218
-0.00485927 -0.4184 -91.2112 218
-0.00485927 -0.418563 -91.2467 218
-0.00649703 -0.416976 -90.9008 218
-0.00649703 -0.417139 -90.9363 218
-0.00812812 -0.419678 -91.4898 218
-0.00812812 -0.418976 -91.3368 218
-0.00973532 -0.418747 -91.2867 218
-0.00973532 -0.417419 -90.9973 218
-0.0113305 -0.416103 -90.7105 218
-0.0113305 -0.417732 -91.0655 218
-0.0129369 -0.419166 -91.3782 218
-0.0129369 -0.421605 -91.9099 218
-0.0145294 -0.42343 -92.3077 218
-0.0145294 -0.425083 -92.6682 218
-0.0161076 -0.425075 -92.6664 218
-0.0161076 -0.424649 -92.5735 218
-0.0176876 -0.424507 -92.5426 218
-0.0176876 -0.426324 -92.9386 218
-0.0192562 -0.4271 -93.1079 218
-0.0192562 -0.42591 -92.8484 218
-0.020833 -0.425084 -93.0933 219
-0.020833 -0.424701 -93.0096 219
-0.0224278 -0.424934 -93.0605 219
-0.0224278 -0.425782 -93.2462 219
-0.0240006 -0.428758 -93.898 219
-0.0240006 -0.427752 -93.6777 219
-0.0255691 -0.426281 -93.3555 219
-0.0255691 -0.427237 -93.5649 219
-0.0271081 -0.42604 -93.3027 219
-0.0271081 -0.427642 -93.6536 219
-0.0286622 -0.424792 -93.4543 220
-0.0286622 -0.426244 -93.7738 220
-0.030219 -0.426108 -93.7437 220
-0.030219 -0.427896 -94.137 220
-0.0317771 -0.428156 -94.1944 220
-0.0317771 -0.428392 -94.2463 220
-0.0333248 -0.428147 -94.6204 221
-0.0333248 -0.429082 -94.827 221
-0.034858 -0.430317 -95.1001 221
-0.034858 -0.432146 -95.5043 221
-0.0364287 -0.432402 -95.5608 221
-0.0364287 -0.431166 -95.2877 221
-0.0379608 -0.42904 -94.8179 221
-0.0379608 -0.429827 -94.9918 221
-0.0394692 -0.427504 -94.4784 221
-0.0394692 -0.428443 -94.6859 221
-0.0409764 -0.428715 -94.746 221
-0.0409764 -0.430952 -95.2403 221
-0.0425018 -0.431178 -95.2904 221
-0.0425018 -0.43056 -95.1539 221
-0.0440393 -0.429737 -94.9718 221
-0.0440393 -0.428431 -94.6832 221
-0.0455552 -0.425621 -94.4879 222
-0.0455552 -0.424791 -94.3036 222
-0.0470725 -0.425406 -94.4402 222
-0.0470725 -0.42596 -94.563 222
-0.0485597 -0.425562 -94.4747 222
-0.0485597 -0.425714 -94.5084 222
-0.0500941 -0.425172 -94.3883 222
-0.0500941 -0.423217 -94.3773 223
-0.0516002 -0.422372 -94.1889 223
-0.0516002 -0.421392 -93.9704 223
-0.0531116 -0.423094 -94.35 223
-0.0531116 -0.4214 -93.9722 223
-0.0546176 -0.42276 -94.2754 223
-0.0546176 -0.420019 -94.0842 224
-0.0561209 -0.419665 -94.005 224
-0.0561209 -0.42101 -94.3063 224
-0.0576221 -0.422766 -94.6996 224
-0.0576221 -0.42262 -94.6668 224
-0.0591152 -0.422486 -94.6368 224
-0.0591152 -0.422339 -94.604 224
-0.0606091 -0.424851 -95.1666 224
-0.0606091 -0.426395 -95.5125 224
-0.062097 -0.427879 -95.8448 224
-0.062097 -0.428519 -95.9882 224
-0.0635979 -0.427933 -95.8571 224
-0.0635979 -0.428823 -96.0565 224
-0.0650535 -0.428104 -95.8953 224
-0.0650535 -0.430482 -96.4279 224
-0.0665204 -0.430709 -96.4789 224
-0.0665204 -0.429291 -96.1611 224
-0.0679882 -0.430144 -96.3523 224
-0.0679882 -0.432327 -96.8412 224
-0.0694583 -0.433515 -97.1074 224
-0.0694583 -0.434174 -97.2549 224
-0.070903 -0.434198 -97.2604 224
-0.070903 -0.437223 -97.5007 223
-0.0723625 -0.435478 -97.5471 224
-0.0723625 -0.436413 -97.7565 224
-0.0738119 -0.436697 -97.8202 224
-0.0738119 -0.43521 -97.4871 224
-0.0752745 -0.432608 -97.3368 225
-0.0752745 -0.433082 -97.4434 225
-0.0767226 -0.434332 -97.7246 225
-0.0767226 -0.435837 -98.0633 225
-0.0781862 -0.436359 -98.1807 225
-0.0781862 -0.436363 -98.1816 225
-0.0796229 -0.438888 -98.7497 225
-0.0796229 -0.439288 -98.8398 225
-0.0810687 -0.439498 -98.8871 225
-0.0810687 -0.44083 -99.1866 225
-0.0825082 -0.441813 -99.4079 225
-0.0825082 -0.439786 -98.9518 225
-0.0839463 -0.440138 -99.031 225
-0.0839463 -0.440065 -99.0146 225
-0.0853451 -0.439167 -98.8125 225
-0.0853451 -0.439846 -98.9654 225
-0.0867964 -0.440101 -99.0228 225
-0.0867964 -0.439434 -98.8726 225
-0.0881961 -0.439276 -98.8371 225
-0.0881961 -0.440579 -99.1302 225
-0.0896287 -0.439037 -98.7834 225
-0.0896287 -0.440057 -99.0128 225
-0.0910533 -0.440652 -99.1466 225
-0.0910533 -0.442153 -99.4843 225
-0.0924919 -0.44103 -98.7907 224
-0.0924919 -0.439896 -98.5367 224
-0.0938894 -0.43968 -98.4884 224
-0.0938894 -0.440095 -98.5813 224
-0.0953021 -0.439042 -98.3455 224
-0.0953021 -0.439201 -98.381 224
-0.0966915 -0.440225 -98.6104 224
-0.0966915 -0.43892 -98.3182 224
-0.0981034 -0.439607 -98.472 224
-0.0981034 -0.440912 -98.7643 224
-0.0994745 -0.441741 -98.95 224
-0.0994745 -0.44179 -98.9609 224
-0.100858 -0.439973 -98.554 224
-0.100858 -0.439534 -98.4556 224
-0.10225 -0.439266 -98.3956 224
-0.10225 -0.440487 -98.6691 224
-0.103605 -0.440585 -98.691 224
-0.103605 -0.441093 -98.8048 224
-0.104979 -0.440564 -98.6864 224
-0.104979 -0.439699 -98.9322 225
-0.106356 -0.439148 -98.8084 225
-0.106356 -0.441175 -99.2645 225
-0.10773 -0.442935 -99.6605 225
-0.10773 -0.441309 -99.2945 225
-0.1091 -0.437589 -99.3328 227
-0.1091 -0.436362 -99.0542 227
-0.110481 -0.435802 -99.3628 228
-0.110481 -0.437666 -99.7879 228
-0.111852 -0.436554 -99.9709 229
-0.111852 -0.436137 -99.8753 229
-0.113188 -0.435421 -99.7115 229
-0.113188 -0.435803 -99.7989 229
-0.114545 -0.434849 -99.5804 229
-0.114545 -0.433477 -99.2663 229
-0.115906 -0.434885 -99.5886 229
-0.115906 -0.436566 -99.9736 229
-0.117278 -0.434479 -99.4957 229
-0.117278 -0.436029 -99.8507 229
-0.118631 -0.438069 -100.318 229
-0.118631 -0.438915 -100.512 229
-0.11998 -0.440323 -100.834 229
-0.11998 -0.436675 -100.435 230
-0.121325 -0.435547 -100.176 230
-0.121325 -0.435582 -100.184 230
-0.122667 -0.436663 -100.432 230
-0.122667 -0.437019 -100.514 230
-0.124003 -0.435737 -100.219 230
-0.124003 -0.435163 -100.087 230
-0.125316 -0.436053 -100.292 230
-0.125316 -0.434189 -99.8635 230
-0.126657 -0.434011 -99.8225 230
-0.126657 -0.43199 -99.7897 231
-0.128018 -0.431971 -99.7852 231
-0.128018 -0.43052 -99.4502 231
-0.12935 -0.431951 -99.7806 231
-0.12935 -0.431384 -100.081 232
-0.130674 -0.434409 -100.783 232
-0.130674 -0.43531 -100.992 232
-0.131987 -0.432944 -100.443 232
-0.131987 -0.431039 -100.432 233
-0.133288 -0.429609 -100.099 233
-0.133288 -0.428941 -99.9431 233
-0.134607 -0.428249 -99.782 233
-0.134607 -0.427944 -99.711 233
-0.135917 -0.427569 -99.6236 233
-0.135917 -0.428589 -99.8612 233
-0.137216 -0.428237 -99.7793 233
-0.137216 -0.42839 -99.8148 233
-0.138515 -0.429069 -99.9732 233
-0.138515 -0.43021 -100.239 233
-0.139791 -0.430949 -100.411 233
-0.139791 -0.42773 -100.089 234
-0.141098 -0.427485 -100.031 234
-0.141098 -0.424759 -99.8184 235
-0.142402 -0.424562 -99.772 235
-0.142402 -0.422574 -99.305 235
-0.143669 -0.424318 -99.7146 235
-0.143669 -0.423051 -99.417 235
-0.144953 -0.420715 -98.868 235
-0.144953 -0.420471 -98.8107 235
-0.146254 -0.419506 -98.584 235
-0.146254 -0.418484 -98.3437 235
-0.14751 -0.416369 -97.8466 235
-0.14751 -0.416125 -97.7893 235
-0.148781 -0.412766 -97 235
-0.148781 -0.414021 -97.295 235
-0.150053 -0.412754 -96.9973 235
-0.150053 -0.412801 -97.0082 235
-0.151324 -0.412278 -96.8853 235
-0.151324 -0.412022 -96.8252 235
-0.152582 -0.412696 -96.9836 235
-0.152582 -0.412115 -96.8471 235
-0.153856 -0.41229 -96.888 235
-0.153856 -0.413274 -97.1193 235
-0.155122 -0.412251 -96.8789 235
-0.155122 -0.41461 -97.4333 235
-0.156385 -0.412762 -96.9991 235
-0.156385 -0.412175 -96.8612 235
-0.157632 -0.410294 -96.8293 236
-0.157632 -0.410352 -96.843 236
-0.158883 -0.409472 -96.6354 236
-0.158883 -0.408141 -96.3214 236
-0.160115 -0.407366 -96.1384 236
-0.160115 -0.406382 -95.9063 236
-0.161361 -0.406382 -95.9063 236
-0.161361 -0.40727 -96.1156 236
-0.162596 -0.408531 -96.4133 236
-0.162596 -0.408751 -96.4652 236
-0.163846 -0.408126 -96.3177 236
-0.163846 -0.406772 -95.9982 236
-0.165102 -0.406147 -95.8507 236
-0.165102 -0.406367 -95.9026 236
-0.166343 -0.406942 -96.0382 236
-0.166343 -0.407104 -96.0765 236
-0.167544 -0.408107 -96.3132 236
-0.167544 -0.408597 -96.4288 236
-0.168757 -0.408188 -96.3323 236
-0.168757 -0.408697 -96.4525 236
-0.169977 -0.408523 -96.4115 236
-0.169977 -0.409993 -96.7583 236
-0.17121 -0.408998 -96.5235 236
-0.17121 -0.406051 -95.828 236
-0.172418 -0.405599 -95.7215 236
-0.172418 -0.405027 -95.5863 236
