0 -0.00291308
0 -0.00291308
0 -0.00291308
0 -0.00815662
0 -0.00870282
0 -0.0156942
0 -0.0156942
0 -0.0205008
0 -0.0231226
0 -0.0231226
0 -0.0294585
0 -0.0320803
0 -0.0364499
0 -0.0364499
0 -0.0386347
0 -0.0412565
0 -0.0459538
0 -0.0459538
0 -0.0507604
0 -0.0507604
0 -0.0536735
0 -0.0611018
0 -0.0552756
0 -0.0552756
0 -0.0578974
0 -0.0578974
0 -0.0634323
0 -0.066054
0 -0.0682388
0 -0.0708606
0 -0.0708606
0 -0.0682388
0 -0.0715161
0 -0.0715161
0 -0.0757764
0 -0.0731547
0 -0.0731547
0 -0.0763226
0 -0.077415
0 -0.0768688
0 -0.0763226
0 -0.083751
0 -0.0889945
0 -0.0889945
0 -0.0938011
0 -0.101958
0 -0.10305
0 -0.10884
0 -0.113209
0 -0.115831
0 -0.115831
0 -0.115831
0 -0.118453
0 -0.123697
0 -0.127411
0 -0.130142
0 -0.124898
0 -0.124898
0 -0.130142
0 -0.130142
0 -0.134948
0 -0.13757
0 -0.140192
0 -0.13757
0 -0.139755
0 -0.144561
0 -0.148931
0 -0.151553
0 -0.159418
0 -0.16204
0 -0.167283
0 -0.171653
0 -0.175367
0 -0.175367
0 -0.177989
0 -0.182796
0 -0.188585
0 -0.193392
0 -0.193392
0 -0.195577
0 -0.196123
0 -0.199946
0 -0.196778
0 -0.198308
0 -0.200493
0 -0.205299
0 -0.205299
0 -0.203114
0 -0.203114
0 -0.203114
0 -0.205736
0 -0.212727
0 -0.211635
0 -0.209013
0 -0.206829
0 -0.206392
0 -0.205845
0 -0.203661
0 -0.206282
0 -0.208904
0 -0.208904
0 -0.213055
0 -0.217862
0 -0.209996
0 -0.20956
0 -0.212727
0 -0.213274
0 -0.214366
0 -0.216733
0 -0.216733
0 -0.218262
0 -0.223506
0 -0.225691
0 -0.232245
0 -0.227002
0 -0.227111
0 -0.229733
0 -0.229733
0 -0.230279
0 -0.232901
0 -0.232464
0 -0.237816
0 -0.238253
0 -0.240875
0 -0.241968
0 -0.240875
0 -0.24306
0 -0.243788
0 -0.24641
0 -0.25078
0 -0.250488
0 -0.247866
0 -0.251034
0 -0.255841
0 -0.251034
0 -0.253656
0 -0.251034
0 -0.258463
0 -0.256715
0 -0.259337
0 -0.2589
0 -0.261522
0 -0.263706
0 -0.266437
0 -0.271681
0 -0.270588
0 -0.270588
0 -0.265891
0 -0.270588
0 -0.275832
0 -0.279328
0 -0.290215
0 -0.294913
0 -0.297971
0 -0.297971
0 -0.3054
0 -0.3054
0 -0.301831
0 -0.293602
0 -0.293602
0 -0.296224
0 -0.292218
0 -0.29331
0 -0.294949
0 -0.297571
0 -0.297571
0 -0.302814
0 -0.305436
0 -0.31068
0 -0.30347
0 -0.30347
0 -0.296588
0 -0.295495
0 -0.302487
0 -0.29433
0 -0.293893
0 -0.296078
0 -0.293893
0 -0.298263
0 -0.298263
0 -0.298263
0 -0.295641
0 -0.300448
0 -0.295641
0 -0.298263
0 -0.295204
0 -0.295204
0 -0.297389
0 -0.296296
0 -0.299027
0 -0.302305
0 -0.304198
0 -0.302013
0 -0.309879
0 -0.315559
0 -0.318181
0 -0.321349
0 -0.325063
0 -0.325063
0 -0.328231
0 -0.330416
0 -0.330853
0 -0.333766
0 -0.334203
0 -0.339446
0 -0.3389
0 -0.341085
0 -0.346438
0 -0.341631
0 -0.344544
0 -0.347275
0 -0.347275
0 -0.347712
0 -0.348258
0 -0.352956
0 -0.352956
0 -0.350334
0 -0.353065
0 -0.358309
0 -0.359947
0 -0.36286
0 -0.36286
0 -0.36286
0 -0.360238
0 -0.357617
0 -0.361986
0 -0.363079
0 -0.364171
0 -0.361804
0 -0.362897
0 -0.364426
0 -0.364426
0 -0.364426
0 -0.361804
0 -0.359182
0 -0.361804
0 -0.356561
0 -0.354376
0 -0.351754
0 -0.351754
0 -0.351754
0 -0.356998
0 -0.361804
0 -0.362897
0 -0.362897
0 -0.362897
0 -0.36235
0 -0.36235
0 -0.366502
0 -0.369779
0 -0.372401
0 -0.372401
0 -0.374148
0 -0.37251
0 -0.377207
0 -0.3783
0 -0.3783
0 -0.3783
0 -0.377863
0 -0.38114
0 -0.378518
0 -0.378518
0 -0.376442
0 -0.376734
0 -0.379356
0 -0.375204
0 -0.384453
0 -0.387621
0 -0.384708
0 -0.386456
0 -0.395523
0 -0.398254
0 -0.401422
0 -0.396179
0 -0.392464
0 -0.389733
0 -0.38509
0 -0.385519
0 -0.389803
0 -0.389803
0 -0.38252
0 -0.386697
0 -0.389267
0 -0.389267
0 -0.389267
0 -0.392908
0 -0.397621
0 -0.400727
0 -0.400298
0 -0.402976
0 -0.402547
0 -0.406831
0 -0.408545
0 -0.405867
0 -0.405153
0 -0.402726
0 -0.400691
0 -0.39555
0 -0.390302
0 -0.37828
0 -0.374709
0 -0.376284
0 -0.378805
0 -0.373763
0 -0.378385
0 -0.380906
0 -0.378805
0 -0.383847
0 -0.388224
0 -0.388224
0 -0.385703
0 -0.390219
0 -0.385878
0 -0.389449
0 -0.391865
0 -0.387243
0 -0.380101
0 -0.381571
0 -0.383042
0 -0.387944
0 -0.385423
0 -0.380276
0 -0.387838
0 -0.390359
0 -0.387838
0 -0.391095
0 -0.389099
0 -0.386193
0 -0.381291
0 -0.375619
0 -0.373098
0 -0.366831
0 -0.369352
0 -0.371172
0 -0.373798
0 -0.368476
0 -0.366901
0 -0.366656
0 -0.37863
0 -0.37821
0 -0.385353
0 -0.369116
0 -0.370662
0 -0.373135
0 -0.379215
0 -0.376742
0 -0.376742
0 -0.378803
0 -0.375299
0 -0.383612
0 -0.383612
0 -0.390208
0 -0.392681
0 -0.394124
0 -0.393609
0 -0.388662
0 -0.393609
0 -0.395567
0 -0.395567
0 -0.393265
0 -0.394777
0 -0.394777
0 -0.38983
0 -0.385811
0 -0.378161
0 -0.37371
0 -0.374722
0 -0.372429
0 -0.375126
0 -0.375126
0 -0.37108
0 -0.37135
0 -0.368922
0 -0.371451
0 -0.371047
0 -0.373744
0 -0.372328
0 -0.371316
0 -0.373339
0 -0.376273
0 -0.380723
0 -0.383151
0 -0.383758
0 -0.388613
0 -0.388613
0 -0.382004
0 -0.3816
0 -0.385039
0 -0.385713
0 -0.387635
0 -0.38278
0 -0.380757
0 -0.382915
0 -0.382645
0 -0.383656
0 -0.382645
0 -0.376374
0 -0.371013
0 -0.371013
0 -0.383285
0 -0.381768
0 -0.379745
0 -0.380757
0 -0.378734
0 -0.379813
0 -0.379813
0 -0.381735
0 -0.381735
0 -0.381465
0 -0.381465
0 -0.374587
0 -0.372564
0 -0.374991
0 -0.372564
0 -0.373069
0 -0.373339
0 -0.373339
0 -0.373339
0 -0.368935
0 -0.375787
0 -0.380554
0 -0.386512
0 -0.389988
0 -0.387605
0 -0.393365
0 -0.392968
0 -0.393961
0 -0.390584
0 -0.387208
0 -0.391974
0 -0.393365
0 -0.389392
0 -0.392769
0 -0.390783
0 -0.390783
0 -0.39555
0 -0.390827
0 -0.393168
0 -0.393818
0 -0.393818
0 -0.404352
0 -0.40679
0 -0.408741
0 -0.408741
0 -0.40484
0 -0.405815
0 -0.402726
0 -0.398435
0 -0.400776
0 -0.394533
0 -0.393558
0 -0.388876
0 -0.386926
0 -0.391867
0 -0.393135
0 -0.393135
0 -0.383512
0 -0.381561
0 -0.386503
0 -0.389722
0 -0.387121
0 -0.38647
0 -0.390762
0 -0.391282
0 -0.391282
0 -0.394273
0 -0.398175
0 -0.394989
0 -0.397329
0 -0.393428
0 -0.397329
0 -0.387868
0 -0.383187
0 -0.386503
0 -0.388454
0 -0.390665
0 -0.385398
0 -0.38491
0 -0.385398
0 -0.388226
0 -0.392518
0 -0.396419
0 -0.399345
0 -0.403929
0 -0.407733
0 -0.412025
0 -0.415829
0 -0.415926
0 -0.413488
0 -0.411245
0 -0.420608
0 -0.422559
0 -0.427241
0 -0.427241
0 -0.432182
0 -0.428866
0 -0.428866
0 -0.421583
0 -0.419633
0 -0.417194
0 -0.412513
0 -0.417975
0 -0.416024
0 -0.414073
0 -0.416674
0 -0.414821
0 -0.421453
0 -0.426525
0 -0.428476
0 -0.430914
0 -0.424672
0 -0.422721
0 -0.422331
0 -0.426623
0 -0.424672
0 -0.43267
0 -0.43228
0 -0.430329
0 -0.429939
0 -0.420543
0 -0.421974
0 -0.421486
0 -0.423827
0 -0.421388
0 -0.42594
0 -0.429256
0 -0.428866
0 -0.426525
0 -0.428866
0 -0.429126
0 -0.424835
0 -0.426298
0 -0.425225
0 -0.424184
0 -0.427403
0 -0.423599
0 -0.421258
0 -0.421258
0 -0.421258
0 -0.421258
0 -0.422624
0 -0.417454
0 -0.416284
0 -0.420478
0 -0.416577
0 -0.411407
0 -0.413358
0 -0.413846
0 -0.412252
0 -0.410887
0 -0.408156
0 -0.401133
0 -0.396842
0 -0.394501
0 -0.396452
0 -0.396452
0 -0.395704
0 -0.390534
0 -0.386243
0 -0.387218
0 -0.380586
0 -0.380586
0 -0.386503
0 -0.386113
0 -0.386113
0 -0.383284
0 -0.389332
0 -0.38465
0 -0.388356
0 -0.383674
0 -0.381334
0 -0.386015
0 -0.384455
0 -0.384065
0 -0.391087
0 -0.388486
0 -0.388486
0 -0.395119
0 -0.400776
0 -0.404905
0 -0.406855
0 -0.39876
0 -0.395834
0 -0.405783
0 -0.405783
0 -0.39915
0 -0.396809
0 -0.396809
0 -0.398175
0 -0.39954
0 -0.39759
0 -0.399443
0 -0.402174
0 -0.405978
0 -0.408416
0 -0.408806
0 -0.41196
0 -0.414301
0 -0.41235
0 -0.408058
0 -0.409424
0 -0.409424
0 -0.414203
0 -0.411375
0 -0.410594
0 -0.417227
0 -0.415536
0 -0.414171
0 -0.41144
0 -0.411635
0 -0.408806
0 -0.408806
0 -0.411732
0 -0.407051
0 -0.412708
0 -0.414073
0 -0.409782
0 -0.412383
0 -0.411407
0 -0.408579
0 -0.41326
0 -0.416674
0 -0.413748
0 -0.416479
0 -0.421421
0 -0.416479
0 -0.411797
0 -0.409456
0 -0.407018
0 -0.413748
0 -0.416089
0 -0.416479
0 -0.41843
0 -0.416479
0 -0.420771
0 -0.429842
0 -0.427988
0 -0.425647
0 -0.429939
0 -0.429939
0 -0.433645
0 -0.440668
0 -0.441643
0 -0.435499
0 -0.435499
0 -0.443301
0 -0.452665
0 -0.460338
0 -0.46736
0 -0.46502
0 -0.471067
0 -0.464044
0 -0.463654
0 -0.458972
0 -0.461313
0 -0.463654
0 -0.462289
0 -0.460338
0 -0.465605
0 -0.461053
0 -0.461151
0 -0.463491
0 -0.470514
0 -0.472855
0 -0.472855
0 -0.47188
0 -0.474806
0 -0.466808
0 -0.468271
0 -0.472692
0 -0.474643
0 -0.474643
0 -0.469961
0 -0.46502
0 -0.465605
0 -0.463654
0 -0.462939
0 -0.466743
0 -0.471034
0 -0.474838
0 -0.471782
0 -0.464662
0 -0.470319
0 -0.47253
0 -0.47409
0 -0.476529
0 -0.474188
0 -0.47887
0 -0.484722
0 -0.488623
0 -0.488233
0 -0.481113
0 -0.481113
0 -0.477797
0 -0.475456
0 -0.477797
0 -0.478187
0 -0.484819
0 -0.48716
0 -0.489761
0 -0.496394
0 -0.496881
0 -0.49259
0 -0.48069
0 -0.4803
0 -0.482836
0 -0.472302
0 -0.469084
0 -0.473765
0 -0.471912
0 -0.471522
0 -0.469571
0 -0.46723
0 -0.465182
0 -0.463231
0 -0.467035
0 -0.461621
0 -0.459321
0 -0.454721
0 -0.450824
0 -0.450824
0 -0.460311
0 -0.453795
0 -0.451719
0 -0.452358
0 -0.451878
0 -0.448237
0 -0.449004
0 -0.454082
0 -0.451527
0 -0.453923
0 -0.449068
0 -0.443893
0 -0.443893
0 -0.427028
0 -0.419665
0 -0.424186
0 -0.427073
0 -0.424719
0 -0.424719
0 -0.431688
0 -0.427544
0 -0.427073
0 -0.433948
0 -0.435832
0 -0.429428
0 -0.427544
0 -0.425661
0 -0.426979
0 -0.426979
0 -0.425096
0 -0.425849
0 -0.421329
0 -0.425849
0 -0.428109
0 -0.421078
0 -0.42202
0 -0.422396
0 -0.417688
0 -0.421455
0 -0.419571
0 -0.41684
0 -0.412696
0 -0.414957
0 -0.416746
0 -0.413073
0 -0.414862
0 -0.42315
0 -0.420419
0 -0.420419
0 -0.420795
0 -0.422679
0 -0.425033
0 -0.421831
0 -0.418629
0 -0.416224
0 -0.416224
0 -0.418076
0 -0.415391
0 -0.417613
0 -0.416996
0 -0.422365
0 -0.417922
0 -0.421532
0 -0.429463
0 -0.429556
0 -0.429926
0 -0.433999
0 -0.433259
0 -0.433598
0 -0.438042
0 -0.437671
0 -0.437579
0 -0.436437
0 -0.434215
0 -0.43653
0 -0.443195
0 -0.44048
0 -0.44048
0 -0.44517
0 -0.447392
0 -0.451465
0 -0.447022
0 -0.447022
0 -0.44554
0 -0.451836
0 -0.449614
0 -0.449614
0 -0.447762
0 -0.444615
0 -0.439924
0 -0.445849
0 -0.446219
0 -0.446219
0 -0.446775
0 -0.440233
0 -0.440233
0 -0.441899
0 -0.440048
0 -0.440048
0 -0.442887
0 -0.447793
0 -0.454088
0 -0.44696
0 -0.444738
0 -0.445201
0 -0.443905
0 -0.449367
0 -0.442701
0 -0.439924
0 -0.443997
0 -0.445849
0 -0.441776
0 -0.443627
0 -0.447701
0 -0.441621
0 -0.437178
0 -0.436622
0 -0.428105
0 -0.429957
0 -0.429864
0 -0.429401
0 -0.426624
0 -0.425698
0 -0.425328
0 -0.425328
0 -0.425328
0 -0.424402
0 -0.431068
0 -0.426994
0 -0.434771
0 -0.436252
0 -0.438844
0 -0.4344
0 -0.437363
0 -0.433289
0 -0.428136
0 -0.424063
0 -0.419897
0 -0.416656
0 -0.410361
0 -0.412213
0 -0.41246
0 -0.407461
0 -0.405609
0 -0.404776
0 -0.403017
0 -0.397092
0 -0.396259
0 -0.398944
0 -0.398944
0 -0.400795
0 -0.400579
0 -0.397987
0 -0.395765
0 -0.400209
0 -0.397154
0 -0.398079
0 -0.396228
0 -0.400301
0 -0.396228
0 -0.400672
0 -0.396598
0 -0.395888
0 -0.400332
0 -0.402554
0 -0.402554
0 -0.39811
0 -0.400579
0 -0.393667
0 -0.401134
0 -0.401597
0 -0.405115
0 -0.413725
0 -0.409497
0 -0.411349
0 -0.409127
0 -0.409127
0 -0.405146
0 -0.401443
0 -0.403665
0 -0.409343
0 -0.41749
0 -0.41478
0 -0.41478
0 -0.4166
0 -0.424611
0 -0.428617
0 -0.429527
0 -0.429891
0 -0.429527
0 -0.43156
0 -0.440633
0 -0.448523
0 -0.454349
0 -0.460539
0 -0.463088
0 -0.466548
0 -0.464727
0 -0.465182
0 -0.45972
0 -0.457535
0 -0.457899
0 -0.455715
0 -0.453894
0 -0.449979
0 -0.454349
0 -0.456321
0 -0.458506
0 -0.458779
0 -0.462785
0 -0.465971
0 -0.465607
0 -0.463786
0 -0.463786
0 -0.465971
0 -0.468399
0 -0.470583
0 -0.473588
0 -0.466578
0 -0.471039
0 -0.471039
0 -0.472859
0 -0.478139
0 -0.478139
0 -0.475712
0 -0.468914
0 -0.468914
0 -0.469279
0 -0.471463
0 -0.471463
0 -0.477107
0 -0.476379
0 -0.471099
0 -0.46673
0 -0.469279
0 -0.473648
0 -0.474194
0 -0.472131
0 -0.472131
0 -0.46412
0 -0.457384
0 -0.459204
0 -0.458749
0 -0.455654
0 -0.462299
0 -0.464575
0 -0.458931
0 -0.45711
0 -0.450465
0 -0.440815
0 -0.439784
0 -0.441968
0 -0.439693
0 -0.442788
0 -0.437781
0 -0.433775
0 -0.433775
0 -0.436658
0 -0.443668
0 -0.446763
0 -0.446763
0 -0.450768
0 -0.445913
0 -0.450981
0 -0.444426
0 -0.441999
0 -0.44382
0 -0.444184
0 -0.446368
0 -0.445458
0 -0.446004
0 -0.44828
0 -0.446095
0 -0.442302
0 -0.445701
0 -0.442606
0 -0.445944
0 -0.444851
0 -0.444851
0 -0.449706
0 -0.451133
0 -0.456959
0 -0.452953
0 -0.455138
0 -0.455138
0 -0.459872
0 -0.453681
0 -0.455866
0 -0.455502
0 -0.446763
0 -0.447582
0 -0.449403
0 -0.449464
0 -0.447279
0 -0.442909
0 -0.443273
0 -0.447279
0 -0.438904
0 -0.439905
0 -0.43508
0 -0.432531
0 -0.426887
0 -0.42938
0 -0.429828
0 -0.42947
0 -0.428127
0 -0.424187
0 -0.423471
0 -0.42562
0 -0.429918
0 -0.429918
0 -0.429918
0 -0.42938
0 -0.426097
0 -0.422277
0 -0.419352
0 -0.422038
0 -0.424724
0 -0.424724
0 -0.430724
0 -0.422486
0 -0.420337
0 -0.42368
0 -0.422486
0 -0.425082
0 -0.428664
0 -0.42353
0 -0.417442
0 -0.412696
0 -0.408398
0 -0.413472
0 -0.405234
0 -0.408189
0 -0.407294
0 -0.403712
0 -0.403712
0 -0.401563
0 -0.405503
0 -0.404906
0 -0.404906
0 -0.404906
0 -0.398817
0 -0.396261
0 -0.397259
0 -0.400255
0 -0.404131
0 -0.404571
0 -0.400578
0 -0.403044
0 -0.402604
0 -0.400842
0 -0.398727
0 -0.394939
0 -0.394939
0 -0.391063
0 -0.389477
0 -0.391239
0 -0.392473
0 -0.392473
0 -0.398463
0 -0.39582
0 -0.401547
0 -0.398845
0 -0.400166
0 -0.395938
0 -0.393295
0 -0.393295
0 -0.399814
0 -0.397612
0 -0.404483
0 -0.405805
0 -0.405805
0 -0.40369
0 -0.402986
0 -0.401224
0 -0.395585
0 -0.399109
0 -0.397523
0 -0.396995
0 -0.398757
0 -0.401664
0 -0.402251
0 -0.404718
0 -0.410356
0 -0.418461
0 -0.415114
0 -0.415466
0 -0.41899
0 -0.418109
0 -0.41899
0 -0.424452
0 -0.429121
0 -0.427359
0 -0.429473
0 -0.427124
0 -0.420691
0 -0.420691
0 -0.423205
0 -0.422338
0 -0.42176
0 -0.410562
0 -0.4051
0 -0.403052
0 -0.404076
0 -0.41022
0 -0.416024
0 -0.415256
0 -0.409452
0 -0.411501
0 -0.412781
0 -0.412354
0 -0.42214
0 -0.409851
0 -0.415654
0 -0.411558
0 -0.413264
0 -0.413264
0 -0.414886
0 -0.408923
0 -0.4122
0 -0.416654
0 -0.414301
0 -0.416066
0 -0.412032
0 -0.413209
0 -0.408111
0 -0.406094
0 -0.405674
0 -0.396543
0 -0.401921
0 -0.401921
0 -0.399904
0 -0.399904
0 -0.40108
0 -0.403181
0 -0.401837
0 -0.403853
0 -0.406374
0 -0.407971
0 -0.412509
0 -0.410492
0 -0.408811
0 -0.409231
0 -0.407215
0 -0.405534
0 -0.404862
0 -0.406206
0 -0.404862
0 -0.408223
0 -0.412256
0 -0.408895
0 -0.412593
0 -0.413013
0 -0.41629
0 -0.41545
0 -0.416626
0 -0.414441
0 -0.414021
0 -0.421668
0 -0.417466
0 -0.414609
0 -0.412172
0 -0.418223
0 -0.41587
0 -0.420912
0 -0.418055
0 -0.417634
0 -0.415534
0 -0.424273
0 -0.423237
0 -0.419539
0 -0.423573
0 -0.424413
0 -0.425589
0 -0.425673
0 -0.438446
0 -0.438026
0 -0.441723
0 -0.440883
0 -0.445141
0 -0.439427
0 -0.439427
0 -0.439427
0 -0.440603
0 -0.44262
0 -0.437242
0 -0.435561
0 -0.435225
0 -0.437242
0 -0.435421
0 -0.437438
0 -0.439343
0 -0.432284
0 -0.429847
0 -0.4322
0 -0.4322
0 -0.429539
0 -0.430715
0 -0.430911
0 -0.429399
0 -0.426878
0 -0.431416
0 -0.427382
0 -0.426542
0 -0.425701
0 -0.425701
0 -0.425701
0 -0.427718
0 -0.430239
0 -0.425785
0 -0.4315
0 -0.429147
0 -0.433684
0 -0.432004
0 -0.434021
0 -0.4336
0 -0.427382
0 -0.431416
0 -0.435113
0 -0.429735
0 -0.431612
0 -0.435645
0 -0.434553
0 -0.431191
0 -0.431191
0 -0.432872
0 -0.41881
0 -0.422782
0 -0.419969
0 -0.418396
0 -0.421707
0 -0.420051
0 -0.420382
0 -0.42121
0 -0.418893
0 -0.416907
0 -0.409624
0 -0.411279
0 -0.40921
0 -0.420134
0 -0.416824
0 -0.41881
0 -0.423113
0 -0.426258
0 -0.424603
0 -0.432631
0 -0.434617
0 -0.437844
0 -0.446341
0 -0.447996
0 -0.443858
0 -0.448658
0 -0.443858
0 -0.441182
0 -0.443803
0 -0.451417
0 -0.456217
0 -0.45663
0 -0.451417
0 -0.453817
0 -0.45663
0 -0.458617
0 -0.454975
0 -0.454975
0 -0.455582
0 -0.449955
0 -0.447417
0 -0.447748
0 -0.447334
0 -0.443362
0 -0.438231
0 -0.438837
0 -0.434865
0 -0.432548
0 -0.433789
0 -0.435444
0 -0.437513
0 -0.434065
0 -0.433238
0 -0.432079
0 -0.434065
0 -0.428438
0 -0.429265
0 -0.428934
0 -0.425789
0 -0.425789
0 -0.427444
0 -0.427362
0 -0.429431
0 -0.430672
0 -0.430672
0 -0.430341
0 -0.429513
0 -0.432741
0 -0.428769
0 -0.430755
0 -0.431996
0 -0.426369
0 -0.426369
0 -0.4267
0 -0.428686
0 -0.425541
0 -0.422231
0 -0.434451
0 -0.442148
0 -0.442148
0 -0.445293
0 -0.449762
0 -0.451748
0 -0.450258
0 -0.450589
0 -0.44441
0 -0.44441
0 -0.448603
0 -0.451913
0 -0.454396
0 -0.454727
0 -0.453568
0 -0.451582
0 -0.445541
0 -0.44532
0 -0.449293
0 -0.448879
0 -0.450534
0 -0.45012
0 -0.453761
0 -0.451775
0 -0.451775
0 -0.453761
0 -0.450341
0 -0.445375
0 -0.446093
0 -0.446093
0 -0.446093
0 -0.445265
0 -0.445265
0 -0.450396
0 -0.446038
0 -0.452723
0 -0.449027
0 -0.451636
0 -0.453592
0 -0.454652
0 -0.456283
0 -0.456283
0 -0.457913
0 -0.45987
0 -0.465739
0 -0.46688
0 -0.462397
0 -0.468348
0 -0.469489
0 -0.471527
0 -0.46794
0 -0.466636
0 -0.46419
0 -0.46419
0 -0.467451
0 -0.464272
0 -0.469408
0 -0.467777
0 -0.472669
0 -0.472669
0 -0.474625
0 -0.476174
0 -0.479761
0 -0.479761
0 -0.476256
0 -0.477886
0 -0.468755
0 -0.47006
0 -0.473728
0 -0.476663
0 -0.466391
0 -0.464435
0 -0.466065
0 -0.469652
0 -0.46419
0 -0.469408
0 -0.4615
0 -0.45987
0 -0.464272
0 -0.465087
0 -0.470141
0 -0.471283
0 -0.473457
0 -0.468239
0 -0.468239
0 -0.473592
0 -0.470821
0 -0.470685
0 -0.46987
0 -0.477696
0 -0.47275
0 -0.471609
0 -0.468022
0 -0.468348
0 -0.468022
0 -0.468022
0 -0.466473
0 -0.463375
0 -0.46631
0 -0.470223
0 -0.472179
0 -0.476174
0 -0.470413
0 -0.467641
0 -0.465033
0 -0.468946
0 -0.468946
0 -0.474299
0 -0.461862
0 -0.463067
0 -0.46628
0 -0.466066
0 -0.464539
0 -0.459988
0 -0.457658
0 -0.454124
0 -0.452196
0 -0.447698
0 -0.448903
0 -0.446975
0 -0.450831
0 -0.448582
0 -0.452437
0 -0.438496
0 -0.442242
0 -0.438418
0 -0.436858
0 -0.444348
0 -0.445207
0 -0.44245
0 -0.444634
0 -0.446195
0 -0.447756
0 -0.448146
0 -0.445701
0 -0.447183
0 -0.446871
0 -0.444608
0 -0.446481
0 -0.450305
0 -0.462321
0 -0.468017
0 -0.466144
0 -0.466457
0 -0.464584
0 -0.468537
0 -0.469786
0 -0.46604
0 -0.46526
0 -0.464402
0 -0.45972
0 -0.457847
0 -0.458472
0 -0.458472
0 -0.459564
0 -0.462997
0 -0.465572
0 -0.467133
0 -0.472907
0 -0.469786
0 -0.473999
0 -0.472127
0 -0.471736
0 -0.473687
0 -0.476548
0 -0.479982
0 -0.481854
0 -0.477173
0 -0.479487
0 -0.479799
0 -0.478707
0 -0.473089
0 -0.473089
0 -0.472387
0 -0.478005
0 -0.480268
0 -0.481828
0 -0.481828
0 -0.479747
0 -0.485262
0 -0.487654
0 -0.489215
0 -0.489215
0 -0.487342
0 -0.489527
0 -0.489839
0 -0.486614
0 -0.485652
0 -0.482843
0 -0.487836
0 -0.484793
0 -0.484793
0 -0.488539
0 -0.49244
0 -0.494313
0 -0.494235
0 -0.493455
0 -0.491478
0 -0.49335
0 -0.49179
0 -0.487836
0 -0.487836
0 -0.49127
0 -0.493038
0 -0.496472
0 -0.501778
0 -0.499905
0 -0.49616
0 -0.498344
0 -0.503078
0 -0.497772
0 -0.500165
0 -0.501257
0 -0.502818
0 -0.506954
0 -0.505081
0 -0.505601
0 -0.499983
0 -0.501544
0 -0.507006
0 -0.510647
0 -0.51486
0 -0.515069
0 -0.516551
0 -0.516863
0 -0.518814
0 -0.520687
0 -0.514782
0 -0.508956
0 -0.501309
0 -0.50209
0 -0.500997
0 -0.502246
0 -0.486812
0 -0.48312
0 -0.488043
0 -0.474285
0 -0.469885
0 -0.476258
0 -0.479899
0 -0.477699
0 -0.477396
0 -0.482327
0 -0.485285
0 -0.484527
0 -0.478079
0 -0.481113
0 -0.477472
0 -0.475954
0 -0.47201
0 -0.468368
0 -0.466244
0 -0.468444
0 -0.466623
0 -0.466623
0 -0.465486
0 -0.458506
0 -0.45441
0 -0.45441
0 -0.452463
0 -0.461414
0 -0.464752
0 -0.465056
0 -0.45838
0 -0.459973
0 -0.459518
0 -0.461541
0 -0.463361
0 -0.468115
0 -0.462957
0 -0.46364
0 -0.458635
0 -0.466067
0 -0.46936
0 -0.4734
0 -0.470657
0 -0.467065
0 -0.470357
0 -0.470357
0 -0.470557
0 -0.475645
0 -0.477141
0 -0.47744
0 -0.472353
0 -0.47355
0 -0.471006
0 -0.474597
0 -0.476842
0 -0.474597
0 -0.471604
0 -0.479685
0 -0.476168
0 -0.474373
0 -0.464047
0 -0.468387
0 -0.469883
0 -0.470931
0 -0.476767
0 -0.471255
0 -0.467364
0 -0.467439
0 -0.462351
0 -0.461977
0 -0.461304
0 -0.464596
0 -0.459433
0 -0.459433
0 -0.457937
0 -0.453298
0 -0.449806
0 -0.449307
0 -0.44589
0 -0.442898
0 -0.448185
0 -0.448559
0 -0.446564
0 -0.438583
0 -0.437161
0 -0.443072
0 -0.437236
0 -0.442324
0 -0.441576
0 -0.44387
0 -0.446115
0 -0.445067
0 -0.443371
0 -0.443746
0 -0.442997
0 -0.444693
0 -0.44619
0 -0.444194
0 -0.443147
0 -0.442848
0 -0.445392
0 -0.4418
0 -0.442099
0 -0.442099
0 -0.441351
0 -0.442773
0 -0.445067
0 -0.444768
0 -0.448434
0 -0.45023
0 -0.450604
0 -0.452699
0 -0.449407
0 -0.448734
0 -0.451278
0 -0.454869
0 -0.451577
0 -0.441636
0 -0.44016
0 -0.445844
0 -0.446213
0 -0.446803
0 -0.449017
0 -0.45197
0 -0.450789
0 -0.450789
0 -0.449682
0 -0.449682
0 -0.449017
0 -0.444909
0 -0.448599
0 -0.450666
0 -0.450371
0 -0.447418
0 -0.447713
0 -0.443359
0 -0.439324
0 -0.435584
0 -0.432336
0 -0.429088
0 -0.431967
0 -0.429458
0 -0.426505
0 -0.432262
0 -0.432336
0 -0.430269
0 -0.433074
0 -0.436543
0 -0.432631
0 -0.434403
0 -0.433369
0 -0.430122
0 -0.431795
0 -0.433197
0 -0.43615
0 -0.432312
0 -0.429507
0 -0.424488
0 -0.428178
0 -0.420945
0 -0.422126
0 -0.423528
0 -0.423823
0 -0.425521
0 -0.428104
0 -0.428104
0 -0.426899
0 -0.429113
0 -0.430146
0 -0.435904
0 -0.431623
0 -0.430146
0 -0.428006
0 -0.426234
0 -0.429408
0 -0.428227
0 -0.423946
0 -0.428965
0 -0.428965
0 -0.42867
0 -0.430934
0 -0.433148
0 -0.431377
0 -0.428867
0 -0.425176
0 -0.423331
0 -0.426284
0 -0.425103
0 -0.425472
0 -0.429384
0 -0.428941
0 -0.428941
0 -0.431008
0 -0.426579
0 -0.424807
0 -0.427686
0 -0.427243
0 -0.427538
0 -0.429088
0 -0.427809
0 -0.425299
0 -0.426038
0 -0.431352
0 -0.433123
0 -0.434157
0 -0.43054
0 -0.428769
0 -0.427366
0 -0.428769
0 -0.430171
0 -0.42589
0 -0.425152
0 -0.415623
0 -0.41271
0 -0.410962
0 -0.408413
0 -0.414458
0 -0.410962
0 -0.415866
0 -0.412589
0 -0.413973
0 -0.416157
0 -0.419362
0 -0.416814
0 -0.419258
0 -0.421055
0 -0.422851
0 -0.422205
0 -0.425942
0 -0.42278
0 -0.417174
0 -0.424504
0 -0.424504
0 -0.426804
0 -0.41921
0 -0.416048
0 -0.411879
0 -0.41025
0 -0.408813
0 -0.406801
0 -0.412694
0 -0.415617
0 -0.412742
0 -0.414179
0 -0.415617
0 -0.415617
0 -0.41806
0 -0.407975
0 -0.414299
0 -0.416671
0 -0.414658
0 -0.414371
0 -0.416096
0 -0.412646
0 -0.412646
0 -0.412646
0 -0.411999
0 -0.421103
0 -0.425247
0 -0.41691
0 -0.413676
0 -0.419641
0 -0.416551
0 -0.415832
0 -0.414203
0 -0.410466
0 -0.414059
0 -0.422396
0 -0.42048
0 -0.419761
0 -0.421127
0 -0.421127
0 -0.418683
0 -0.414515
0 -0.409364
0 -0.413964
0 -0.409508
0 -0.408789
0 -0.410514
0 -0.411592
0 -0.411592
0 -0.411592
0 -0.407855
0 -0.413029
0 -0.413317
0 -0.41485
0 -0.413413
0 -0.410538
0 -0.410538
0 -0.402776
0 -0.402417
0 -0.401986
0 -0.397817
0 -0.399901
0 -0.401626
0 -0.403782
0 -0.399542
0 -0.398248
0 -0.403423
0 -0.40486
0 -0.407016
0 -0.410179
0 -0.408454
0 -0.411185
0 -0.408023
0 -0.408933
0 -0.405771
0 -0.406417
0 -0.405339
0 -0.405339
0 -0.406346
0 -0.411233
0 -0.411233
0 -0.412957
0 -0.412406
0 -0.411257
0 -0.412502
0 -0.409053
0 -0.412934
0 -0.410921
0 -0.409652
0 -0.410645
0 -0.410645
0 -0.410645
0 -0.412063
0 -0.417785
0 -0.418069
0 -0.4219
0 -0.418589
0 -0.418779
0 -0.421829
0 -0.420836
0 -0.425021
0 -0.426794
0 -0.428213
0 -0.424404
0 -0.424404
0 -0.421393
0 -0.423773
0 -0.426411
0 -0.4234
0 -0.419058
0 -0.414297
0 -0.417658
0 -0.418358
0 -0.417308
0 -0.419338
0 -0.42347
0 -0.42487
0 -0.429632
0 -0.426831
0 -0.43374
0 -0.434091
0 -0.437452
0 -0.434371
0 -0.436051
0 -0.43325
0 -0.43353
0 -0.436962
0 -0.439109
0 -0.436098
0 -0.435818
0 -0.436588
0 -0.439319
0 -0.439109
0 -0.436868
0 -0.437919
0 -0.438199
0 -0.438199
0 -0.444361
0 -0.446742
0 -0.450173
0 -0.449636
0 -0.450197
0 -0.447979
0 -0.446579
0 -0.44994
0 -0.455052
0 -0.449753
0 -0.455775
0 -0.456195
0 -0.453114
0 -0.453114
0 -0.451714
0 -0.450033
0 -0.452694
0 -0.44323
0 -0.449315
0 -0.445719
0 -0.450421
0 -0.450974
0 -0.453325
0 -0.458303
0 -0.457611
0 -0.459271
0 -0.458994
0 -0.463419
0 -0.462036
0 -0.457957
0 -0.452956
0 -0.450559
0 -0.451527
0 -0.446826
0 -0.447102
0 -0.449453
0 -0.451112
0 -0.451112
0 -0.452541
0 -0.453509
0 -0.455445
0 -0.455445
0 -0.452057
0 -0.453993
0 -0.452334
0 -0.451642
0 -0.450329
0 -0.448047
0 -0.445973
0 -0.44459
0 -0.446249
0 -0.443207
0 -0.443207
0 -0.440165
0 -0.436846
0 -0.436846
0 -0.437607
0 -0.431246
0 -0.432491
0 -0.425853
0 -0.425853
0 -0.425853
0 -0.425231
0 -0.42454
0 -0.426821
0 -0.430993
0 -0.43438
0 -0.434657
0 -0.433689
0 -0.432306
0 -0.435487
0 -0.432375
0 -0.42961
0 -0.426107
0 -0.426729
0 -0.427075
0 -0.431776
0 -0.436939
0 -0.443023
0 -0.443023
0 -0.441986
0 -0.441709
0 -0.438667
0 -0.43763
0 -0.438321
0 -0.436316
0 -0.436547
0 -0.438898
0 -0.440972
0 -0.434334
0 -0.43468
0 -0.433021
0 -0.436409
0 -0.436754
0 -0.431984
0 -0.429287
0 -0.430393
0 -0.429011
0 -0.428319
0 -0.42666
0 -0.42265
0 -0.421544
0 -0.418225
0 -0.414906
0 -0.413938
0 -0.409168
0 -0.414215
0 -0.41221
0 -0.411657
0 -0.405572
0 -0.402346
0 -0.402415
0 -0.403106
0 -0.40283
0 -0.403106
0 -0.401447
