101 1.01
106 1.06
109 1.09
115 1.15
119 1.19
123 1.23
128 1.28
131 1.31
135 1.35
136 1.36
142 1.42
146 1.46
149 1.49
151 1.51
152 1.52
156 1.56
160 1.6
162 1.62
167 1.67
172 1.72
177 1.77
182 1.82
189 1.89
195 1.95
198 1.98
204 2.04
208 2.08
214 2.14
221 2.21
230 2.3
234 2.34
240 2.4
250 2.5
261 2.61
269 2.69
275 2.75
280 2.8
296 2.96
307 3.07
317 3.17
326 3.26
336 3.36
342 3.42
348 3.48
355 3.55
374 3.74
380 3.8
383 3.83
391 3.91
403 4.03
415 4.15
425 4.25
431 4.31
437 4.37
439 4.39
452 4.52
456 4.56
473 4.73
482 4.82
498 4.98
507 5.07
519 5.19
532 5.32
546 5.46
556 5.56
568 5.68
578 5.78
593 5.93
607 6.07
618 6.18
642 6.42
654 6.54
667 6.67
682 6.82
699 6.99
715 7.15
729 7.29
742 7.42
756 7.56
772 7.72
791 7.91
809 8.09
824 8.24
853 8.53
861 8.61
876 8.76
893 8.93
911 9.11
931 9.31
948 9.48
970 9.7
991 9.91
998 9.98
1019 10.19
1041 10.41
1062 10.62
1083 10.83
1103 11.03
1115 11.0396
1142 11.3069
1155 11.4356
1198 11.8614
1227 12.1485
1238 12.2574
1266 12.5347
1286 12.7327
1303 12.901
1330 13.1683
1355 13.4158
1384 13.5686
1405 13.7745
1416 13.8824
1442 14.1373
1467 14.3824
1500 14.7059
1524 14.9412
1551 15.2059
1574 15.4314
1602 15.7059
1628 15.9608
1666 16.3333
1696 16.6275
1715 16.8137
1737 17.0294
1775 17.402
1806 17.7059
1841 18.049
1870 18.3333
1897 18.598
1931 18.9314
1971 19.3235
2002 19.6275
2032 19.9216
2062 20.2157
2103 20.6176
2135 20.9314
2164 21.2157
2208 21.6471
2244 22
2276 22.3137
2315 22.6961
2349 23.0294
2413 23.6569
2454 24.0588
2488 24.3922
2532 24.8235
2553 25.0294
2589 25.3824
2603 25.5196
2629 25.7745
2666 26.1373
2697 26.4412
2733 26.7941
2795 27.402
2816 27.6078
2856 28
2906 28.4902
2935 28.7745
2972 29.1373
3012 29.5294
3066 30.0588
3108 30.4706
3125 30.6373
3156 30.9412
3206 31.4314
3230 31.6667
3292 32.2745
3361 32.951
3429 33.6176
3473 34.049
3521 34.5196
3573 35.0294
3615 35.4412
3657 35.8529
3703 36.3039
3746 36.7255
3781 37.0686
3831 37.5588
3880 38.0392
3923 38.4608
3969 38.9118
4021 39.4216
4101 39.8155
4162 40.4078
4212 40.8932
4292 41.6699
4335 42.0874
4378 42.5049
4442 42.7115
4515 43.4135
4584 44.0769
4656 44.7692
4708 45.2692
4770 45.8654
4860 46.7308
4905 47.1635
4995 48.0288
5055 48.6058
5128 49.3077
5199 49.9904
5257 50.5481
5324 51.1923
5386 51.7885
5444 52.3462
5510 52.9808
5569 53.5481
5634 54.1731
5731 55.1058
5785 55.625
5854 56.2885
5921 56.9327
6010 57.7885
6098 58.6346
6173 59.3558
6265 60.2404
6345 61.0096
6431 61.8365
6508 62.5769
6581 63.2788
6652 63.9615
6727 64.6827
6781 65.2019
6886 66.2115
6989 67.2019
7069 67.9712
7143 68.6827
7252 69.7308
7342 70.5962
7455 71.6827
7578 72.8654
7681 73.8558
7777 74.7788
7860 74.8571
7966 75.8667
8073 76.8857
8170 77.8095
8242 78.4952
8324 79.2762
8433 80.3143
8555 81.4762
8666 82.5333
8768 83.5048
8853 84.3143
8966 85.3905
9059 86.2762
9169 87.3238
9290 88.4762
9407 89.5905
9507 90.5429
9643 91.8381
9744 92.8
9884 94.1333
9978 95.0286
10075 95.9524
10176 96.9143
10289 97.9905
10421 99.2476
10514 100.133
10631 101.248
10752 102.4
10861 103.438
10982 103.604
11089 104.613
11218 104.841
11310 105.701
11417 106.701
11557 108.009
11656 108.935
11754 109.85
11883 111.056
12031 112.439
12172 113.757
12315 115.093
12469 116.533
12611 116.769
12746 118.019
12871 119.176
12980 120.185
13141 121.676
13290 123.056
13452 124.556
13574 125.685
13704 126.889
13851 128.25
14004 129.667
14151 131.028
14258 132.019
14400 133.333
14513 134.38
14681 135.935
14812 137.148
14983 138.731
15138 140.167
15292 141.593
15441 142.972
15545 143.935
15719 145.546
15869 146.935
16018 148.315
16164 149.667
16329 149.807
16528 151.633
16661 152.853
16826 154.367
16987 155.844
17155 157.385
17374 159.394
17564 161.138
17709 162.468
17906 164.275
18050 165.596
18247 167.404
18395 168.761
18600 170.642
18763 172.138
18944 173.798
19125 175.459
19329 177.33
19545 179.312
19742 181.119
19919 182.743
20107 184.468
20363 186.817
20561 188.633
20735 190.229
20938 192.092
21183 194.339
21360 195.963
21563 197.826
21747 197.7
21966 199.691
22198 201.8
22366 203.327
22579 203.414
22754 204.991
22991 207.126
23187 208.892
23418 210.973
23628 212.865
23840 214.775
24067 216.82
24281 218.748
24512 220.829
24716 222.667
24929 224.586
25090 226.036
25285 227.793
25528 229.982
25751 231.991
25972 233.982
26186 235.91
26484 238.595
26654 240.126
26919 242.514
27196 245.009
27413 246.964
27628 248.901
27867 251.054
28066 252.847
28341 255.324
28577 257.45
28794 261.764
29047 264.064
29258 265.982
29511 268.282
29821 271.1
30163 274.209
30439 276.718
30708 279.164
30993 281.755
31335 284.864
31610 287.364
31872 289.745
32201 292.736
32489 295.355
32701 297.282
33043 300.391
33288 302.618
33539 304.9
33916 308.327
34244 311.309
34545 314.045
34861 316.918
35130 319.364
35453 322.3
35748 324.982
36083 328.027
36389 330.809
36668 333.345
36943 335.845
37274 338.855
37562 341.473
37949 344.991
38232 347.564
38530 350.273
38834 353.036
39159 355.991
39466 358.782
39832 362.109
40209 365.536
40577 368.882
40902 371.836
41197 374.518
41526 377.509
41839 380.355
42207 383.7
42478 386.164
42772 388.836
43172 392.473
43539 395.809
43929 399.355
44309 402.809
44717 406.518
45133 410.3
45520 413.818
45934 417.582
46368 421.527
46751 425.009
47089 428.082
47501 431.827
47920 435.636
48290 439
48642 442.2
48989 445.355
49373 448.845
49719 451.991
50082 451.189
50425 454.279
50813 457.775
51231 461.541
51621 465.054
52031 468.748
52501 472.982
52951 477.036
53390 480.991
53795 484.64
54264 488.865
54711 492.892
55078 491.768
55490 495.446
55947 499.527
56416 503.714
56827 507.384
57335 511.92
57729 515.438
58153 519.223
58541 522.688
58969 526.509
59475 531.027
59972 535.464
60401 539.295
60817 543.009
61323 547.527
61903 552.705
62387 557.027
62834 561.018
63258 564.804
63689 568.652
63981 571.259
64391 574.92
64883 579.312
65413 584.045
65901 588.402
66459 593.384
66947 597.741
67392 601.714
67806 605.411
68322 610.018
68795 614.241
69344 619.143
69837 623.545
70343 628.062
70902 633.054
71405 637.545
71951 642.42
72475 647.098
73071 652.42
73570 656.875
74130 661.875
74746 667.375
75308 672.393
75787 676.67
76295 681.205
76788 685.607
77345 690.58
78003 696.455
78665 702.366
79245 707.545
79886 713.268
80369 717.58
80949 722.759
81544 728.071
82067 732.741
82729 738.652
83293 743.688
83806 748.268
84449 754.009
85075 759.598
85736 765.5
86330 770.804
86998 776.768
87656 782.643
88320 788.571
88929 794.009
89634 800.304
90172 805.107
90807 810.777
91400 816.071
92051 821.884
92752 828.143
93342 833.411
93957 838.902
94571 844.384
95218 850.161
95924 856.464
96656 855.363
97262 860.726
97811 865.584
98430 871.062
99146 877.398
99842 883.558
100534 889.681
101089 894.593
101803 900.912
102453 906.664
103104 912.425
103782 918.425
104330 923.274
104978 929.009
105727 935.637
106418 941.752
107073 939.237
107663 944.412
108440 951.228
109226 958.123
109915 964.167
110544 969.684
111269 976.044
112014 982.579
112767 989.184
113519 995.781
114300 1002.63
115041 1009.13
115828 1016.04
116614 1022.93
117354 1029.42
118255 1037.32
118985 1043.73
119695 1049.96
120523 1057.22
121294 1063.98
122100 1071.05
122926 1078.3
123654 1084.68
124405 1091.27
125083 1097.22
125945 1104.78
126738 1111.74
127501 1118.43
128267 1125.15
129036 1131.89
129887 1139.36
130798 1147.35
131531 1153.78
132246 1160.05
133043 1167.04
133817 1173.83
134711 1181.68
135577 1189.27
136411 1186.18
137278 1193.72
138235 1202.04
138981 1208.53
140066 1217.97
140937 1225.54
141839 1233.38
142674 1240.64
143713 1249.68
144562 1257.06
145406 1264.4
146333 1272.46
147337 1281.19
148255 1289.17
149222 1297.58
150197 1306.06
151147 1314.32
152012 1321.84
153051 1330.88
154060 1339.65
154874 1346.73
155643 1353.42
156464 1360.56
157351 1368.27
158281 1376.36
159336 1385.53
160171 1392.79
160995 1399.96
162069 1409.3
163101 1418.27
164177 1427.63
165180 1436.35
166138 1444.68
167137 1453.37
168107 1461.8
169111 1470.53
170073 1478.9
171033 1487.24
171986 1495.53
173032 1504.63
174099 1513.9
175141 1522.97
176368 1533.63
177322 1541.93
178396 1551.27
179377 1559.8
180518 1569.72
181631 1579.4
182649 1574.56
183580 1582.59
184654 1591.84
185720 1601.03
186767 1610.06
187836 1619.28
188799 1627.58
189820 1636.38
190807 1644.89
191991 1640.95
193116 1650.56
194313 1660.79
195411 1670.18
196479 1679.31
197591 1688.81
198759 1698.79
199925 1708.76
201239 1719.99
202315 1729.19
203502 1739.33
204636 1749.03
205896 1759.79
207056 1769.71
208177 1779.29
209438 1790.07
210521 1784.08
211805 1794.96
212862 1803.92
214066 1814.12
215380 1825.25
216447 1834.3
217697 1844.89
218890 1855
220118 1865.41
221378 1876.08
222688 1887.19
223901 1897.47
225184 1908.34
226652 1920.78
227755 1930.13
229209 1942.45
230433 1952.82
231797 1964.38
233089 1975.33
234450 1986.86
235662 1997.14
237017 2008.62
238509 2021.26
239711 2031.45
240864 2041.22
242082 2051.54
243411 2062.81
244623 2073.08
245836 2083.36
246964 2092.92
248392 2105.02
249836 2117.25
251267 2129.38
252586 2140.56
254000 2152.54
255429 2164.65
257018 2178.12
258396 2189.8
259820 2201.86
261228 2213.8
262654 2225.88
264029 2237.53
265318 2248.46
266639 2259.65
268179 2272.7
269793 2286.38
271302 2299.17
272675 2310.81
274178 2323.54
275857 2337.77
277464 2351.39
278922 2363.75
280500 2377.12
281928 2389.22
283246 2400.39
284551 2411.45
285930 2423.14
287440 2435.93
289166 2450.56
290648 2463.12
292156 2475.9
293834 2490.12
295548 2504.64
297245 2519.03
298992 2533.83
300425 2545.97
301936 2558.78
303412 2571.29
304968 2584.47
306377 2596.42
307918 2609.47
309679 2624.4
311331 2638.4
312938 2652.02
314605 2666.14
316124 2656.5
317765 2670.29
319342 2683.55
320963 2697.17
322716 2711.9
324484 2726.76
326133 2740.61
328125 2757.35
329817 2771.57
331643 2786.92
333330 2801.09
335131 2816.23
336699 2829.4
338381 2843.54
340052 2857.58
341904 2873.14
343492 2886.49
345087 2899.89
346637 2912.92
348678 2930.07
350404 2944.57
352174 2959.45
353805 2973.15
355653 2988.68
357452 3003.8
359389 3020.08
361277 3035.94
363026 3050.64
364759 3065.2
366368 3078.72
368123 3093.47
370144 3110.45
372009 3126.13
373870 3141.76
375744 3157.51
377639 3173.44
379524 3189.28
381407 3205.1
383374 3221.63
385101 3236.14
387100 3252.94
388750 3266.81
390768 3283.76
392534 3298.61
394482 3314.97
396316 3330.39
398494 3348.69
400447 3337.06
402218 3351.82
404219 3368.49
406166 3384.72
408122 3401.02
409867 3415.56
411789 3431.57
413774 3448.12
415818 3465.15
418037 3483.64
420257 3502.14
422409 3520.07
424539 3537.82
426621 3555.18
428693 3572.44
430819 3590.16
432997 3608.31
435119 3625.99
437109 3642.57
439199 3629.74
441199 3646.27
443612 3666.21
445587 3652.35
447681 3669.52
449969 3688.27
451916 3704.23
454241 3693.02
456471 3711.15
458857 3730.54
460896 3747.12
463119 3765.2
465447 3784.12
467607 3801.68
469898 3820.31
472255 3839.47
474539 3858.04
476855 3876.87
479447 3897.94
481890 3917.8
484217 3936.72
486633 3956.37
488808 3974.05
491123 3992.87
493405 4011.42
495748 4030.47
498157 4050.06
500439 4068.61
502995 4089.39
505258 4107.79
507816 4128.59
509927 4145.75
512182 4164.08
514801 4185.37
517219 4205.03
519693 4225.15
522069 4244.46
524436 4263.71
526916 4283.87
529250 4302.85
531840 4323.9
534463 4345.23
537030 4366.1
539335 4384.84
542056 4406.96
544615 4427.76
547025 4447.36
549469 4467.23
552205 4489.47
555031 4512.45
557680 4533.98
560140 4553.98
562764 4575.32
565276 4595.74
567811 4616.35
570714 4639.95
573309 4661.05
576110 4683.82
578921 4706.67
581737 4729.57
584178 4749.41
587178 4773.8
589880 4795.77
592364 4815.97
595379 4840.48
597702 4859.37
600471 4881.88
603263 4904.58
606043 4927.18
609154 4952.47
611936 4975.09
614587 4996.64
617076 5016.88
619642 5037.74
622444 5060.52
625351 5084.15
628433 5109.21
631056 5130.54
633821 5153.02
636486 5174.68
639286 5197.45
642470 5223.33
645324 5246.54
648206 5269.97
651101 5293.5
654169 5318.45
657412 5301.71
660291 5324.93
663344 5349.55
666495 5374.96
669417 5398.52
672202 5420.98
675258 5445.63
678386 5470.85
681617 5496.91
684760 5522.26
687633 5545.43
691074 5573.18
693930 5596.21
697191 5622.51
700222 5646.95
703104 5670.19
706250 5695.56
709647 5722.96
713058 5750.47
716141 5775.33
719017 5798.52
722419 5825.96
725589 5851.52
728728 5876.84
731902 5902.44
734972 5927.19
738419 5954.99
741549 5980.23
744785 6006.33
748247 6034.25
751458 6060.15
754755 6086.73
758025 6113.1
761541 6141.46
764885 6168.43
768127 6194.57
771503 6221.8
774860 6248.87
778280 6276.45
781604 6303.26
785260 6332.74
788620 6359.84
792169 6388.46
795583 6415.99
798967 6443.28
802642 6472.92
806137 6501.1
809735 6530.12
813432 6559.94
816915 6588.02
820437 6616.43
823949 6644.75
827565 6673.91
831317 6704.17
834958 6733.53
838644 6763.26
842460 6794.03
846274 6824.79
850165 6856.17
853652 6884.29
857131 6912.35
860710 6941.21
864323 6970.35
868103 7000.83
871613 7086.28
875313 7116.37
878760 7144.39
882385 7173.86
886103 7204.09
889895 7234.92
893615 7265.16
897354 7295.56
901172 7326.6
904759 7296.44
908768 7328.77
912746 7360.85
916515 7391.25
920147 7420.54
923815 7450.12
928110 7484.76
931947 7515.7
935660 7545.65
939654 7577.85
943601 7609.69
947309 7639.59
951218 7671.11
955129 7702.65
958837 7732.56
962705 7763.75
966551 7794.77
970457 7826.27
974709 7860.56
978804 7893.58
982919 7926.77
987036 7959.97
991244 7993.9
995291 8026.54
999278 8058.69
1.0032e+06 8025.61
1.00721e+06 8057.7
1.01102e+06 8088.19
1.01527e+06 8122.18
1.0197e+06 8157.59
1.02372e+06 8189.74
1.02765e+06 8155.95
1.03174e+06 8188.41
1.03597e+06 8221.97
1.04025e+06 8255.97
1.04442e+06 8289.08
1.04885e+06 8324.21
1.05318e+06 8358.57
1.05785e+06 8395.61
1.06204e+06 8428.88
1.06667e+06 8465.63
1.07128e+06 8435.27
1.07544e+06 8468.06
1.07981e+06 8502.43
1.08416e+06 8536.7
1.08852e+06 8571.03
1.09277e+06 8604.46
1.0976e+06 8642.56
1.10172e+06 8674.98
1.10614e+06 8709.73
1.11061e+06 8744.98
1.11496e+06 8779.21
1.11971e+06 8816.62
1.1239e+06 8849.57
1.12828e+06 8884.07
1.1326e+06 8918.12
1.13697e+06 8952.5
1.1415e+06 8988.16
1.14616e+06 9024.84
1.15044e+06 8987.78
1.15468e+06 9020.91
1.15955e+06 9058.98
1.16404e+06 9094.05
1.16919e+06 9134.3
1.17398e+06 9171.73
1.17873e+06 9208.84
1.18325e+06 9244.15
1.18772e+06 9279.05
1.19195e+06 9312.14
1.19666e+06 9348.91
1.20146e+06 9386.41
1.20627e+06 9350.95
1.21117e+06 9388.94
1.21598e+06 9426.23
1.22054e+06 9461.55
1.22504e+06 9496.41
1.22992e+06 9534.23
1.23498e+06 9573.5
1.23993e+06 9611.88
1.24467e+06 9648.6
1.25002e+06 9690.05
1.2549e+06 9727.91
1.25961e+06 9764.44
1.26476e+06 9804.33
1.26947e+06 9840.85
1.27444e+06 9879.34
1.27946e+06 9918.29
1.28458e+06 9957.98
1.28936e+06 9995.08
1.29458e+06 10035.5
1.29977e+06 10075.7
1.3051e+06 10117.1
1.31025e+06 10157
1.31524e+06 10195.6
1.32023e+06 10234.4
1.32537e+06 10274.2
1.33065e+06 10315.1
1.33597e+06 10356.3
1.34072e+06 10393.2
1.34583e+06 10514.3
1.35161e+06 10559.4
1.35726e+06 10603.6
1.36246e+06 10561.7
1.36769e+06 10602.3
1.373e+06 10643.4
1.37826e+06 10684.2
1.38356e+06 10725.3
1.38909e+06 10768.2
1.39435e+06 10725.7
1.40011e+06 10770.1
1.40573e+06 10813.3
1.41166e+06 10859
1.41761e+06 10904.7
1.42338e+06 10949.1
1.42936e+06 10995.1
1.43524e+06 11040.3
1.4406e+06 11081.6
1.44544e+06 11118.8
1.45095e+06 11161.2
1.45632e+06 11202.5
1.4621e+06 11246.9
1.46792e+06 11291.7
1.47384e+06 11337.2
1.47941e+06 11293.2
1.48528e+06 11338
1.4912e+06 11296.9
1.49703e+06 11341.2
1.50291e+06 11385.7
1.50876e+06 11430
1.51439e+06 11472.7
1.52009e+06 11515.8
1.52598e+06 11560.5
1.53167e+06 11603.6
1.53741e+06 11647
1.54312e+06 11690.3
1.54916e+06 11736.1
1.55485e+06 11779.2
1.56048e+06 11821.8
1.56676e+06 11869.4
1.57247e+06 11912.6
1.57863e+06 11959.3
1.58398e+06 11999.8
1.58962e+06 12042.6
1.596e+06 12090.9
1.60191e+06 12135.7
1.60838e+06 12184.7
1.61452e+06 12231.2
1.62006e+06 12273.2
1.6261e+06 12318.9
1.63249e+06 12367.4
1.63895e+06 12416.3
1.64517e+06 12463.4
1.6512e+06 12415
1.65713e+06 12459.6
1.66354e+06 12507.8
1.6698e+06 12554.9
1.6759e+06 12600.8
1.68173e+06 12644.6
1.68814e+06 12692.8
1.69472e+06 12742.3
1.70089e+06 12788.6
1.70681e+06 12833.2
1.71361e+06 12884.3
1.72002e+06 12932.5
1.72641e+06 12980.5
1.73224e+06 12927.2
1.73907e+06 12978.1
1.74574e+06 13027.9
1.75252e+06 13078.5
1.75897e+06 13126.6
1.76521e+06 13173.2
1.77194e+06 13223.5
1.77864e+06 13273.5
1.78544e+06 13324.2
1.79175e+06 13371.3
1.79812e+06 13418.8
1.80502e+06 13470.3
1.81219e+06 13523.8
1.81885e+06 13472.9
1.82528e+06 13520.6
1.83162e+06 13567.6
1.83819e+06 13616.2
1.84511e+06 13567
1.85183e+06 13616.4
1.85863e+06 13666.4
1.865e+06 13713.2
1.87192e+06 13663.6
1.87916e+06 13716.5
1.88524e+06 13760.9
1.89174e+06 13808.3
1.89847e+06 13857.5
1.90506e+06 13905.6
1.91202e+06 13956.4
1.91922e+06 14008.9
1.92616e+06 14059.6
1.93308e+06 14110.1
1.94005e+06 14160.9
1.94723e+06 14110.3
1.95484e+06 14165.5
1.96148e+06 14213.6
1.96854e+06 14264.8
1.97606e+06 14319.3
1.98315e+06 14370.7
1.99049e+06 14423.8
1.99759e+06 14475.3
2.00498e+06 14528.8
2.01221e+06 14581.2
2.01986e+06 14636.7
2.0269e+06 14687.7
2.03435e+06 14741.6
2.04162e+06 14687.9
2.04907e+06 14741.5
2.05656e+06 14795.4
2.06355e+06 14953.3
2.071e+06 15007.2
2.07838e+06 15060.8
2.08576e+06 15114.2
2.09365e+06 15171.4
2.1016e+06 15228.9
2.10902e+06 15282.8
2.11681e+06 15339.2
2.12376e+06 15389.6
2.13161e+06 15446.5
2.1392e+06 15501.4
2.14749e+06 15561.5
2.15469e+06 15613.7
2.16255e+06 15670.7
2.17019e+06 15726
2.17776e+06 15780.9
2.1859e+06 15839.8
2.19364e+06 15895.9
2.20155e+06 15953.3
2.20949e+06 16010.8
2.21743e+06 16068.3
2.22541e+06 16126.2
2.2333e+06 16183.3
2.24114e+06 16240.1
2.24872e+06 16295
2.2571e+06 16238.2
2.265e+06 16295
2.27345e+06 16355.8
2.28118e+06 16411.4
2.28936e+06 16470.3
2.2977e+06 16530.2
2.306e+06 16589.9
2.31373e+06 16645.6
2.32239e+06 16707.8
2.33097e+06 16769.6
2.3391e+06 16707.9
2.34746e+06 16767.5
2.35611e+06 16829.3
2.3646e+06 16770.2
2.37329e+06 16831.8
2.38119e+06 16887.9
2.38954e+06 16947.1
2.39744e+06 17003.1
2.40566e+06 17061.4
2.41409e+06 17121.2
2.4221e+06 17178
2.43059e+06 17238.2
2.43926e+06 17299.7
2.44792e+06 17361.1
2.45681e+06 17424.2
2.46492e+06 17481.7
2.47347e+06 17542.3
2.48226e+06 17604.7
2.49127e+06 17668.6
2.4995e+06 17727
2.5087e+06 17792.2
2.51746e+06 17854.3
2.52628e+06 17916.9
2.53478e+06 17977.2
2.54392e+06 18042
2.55273e+06 18104.5
2.56195e+06 18169.8
2.57085e+06 18233
2.5795e+06 18294.3
2.58858e+06 18358.7
2.59704e+06 18418.7
2.60657e+06 18486.3
2.61623e+06 18554.8
2.62532e+06 18619.3
2.63442e+06 18683.8
2.64355e+06 18748.6
2.65277e+06 18814
2.66162e+06 18876.7
2.67092e+06 18942.7
2.68027e+06 19009
2.68959e+06 19075.1
2.69854e+06 19138.6
2.70763e+06 19203.1
2.71691e+06 19268.9
2.72628e+06 19335.3
2.73585e+06 19403.2
2.74515e+06 19469.2
2.75493e+06 19538.5
2.76417e+06 19604.1
2.77389e+06 19673
2.78296e+06 19737.3
2.79232e+06 19803.7
2.80208e+06 19872.9
2.81131e+06 19938.4
2.82088e+06 20006.2
2.83082e+06 20076.8
2.84044e+06 20145
2.8501e+06 20213.4
2.86024e+06 20285.4
2.87013e+06 20355.5
2.88006e+06 20426
2.88981e+06 20495.1
2.90006e+06 20567.8
2.91002e+06 20638.5
2.9197e+06 20707.1
2.92976e+06 20632.1
2.94001e+06 20704.3
2.95065e+06 20633.9
2.96071e+06 20704.2
2.9706e+06 20773.4
2.98134e+06 20848.5
2.99172e+06 20921.2
3.00122e+06 20987.6
3.01194e+06 21062.5
3.02227e+06 21134.8
3.03303e+06 21210
3.04334e+06 21282.1
3.05373e+06 21354.7
3.0641e+06 21427.3
3.07442e+06 21499.4
3.08426e+06 21568.2
3.0952e+06 21644.8
3.10563e+06 21717.7
3.11612e+06 21791
3.12656e+06 21864
3.13674e+06 21935.3
3.14787e+06 22013.1
3.15866e+06 22088.5
3.1694e+06 22163.7
3.18093e+06 22244.3
3.1917e+06 22319.6
3.2026e+06 22395.8
3.21388e+06 22474.7
3.22465e+06 22550
3.23546e+06 22625.6
3.24614e+06 22700.2
3.2567e+06 22774.1
3.26736e+06 22848.7
3.27875e+06 22928.3
3.28936e+06 23002.6
3.3003e+06 23079
3.31178e+06 23159.3
3.32244e+06 23233.9
3.33404e+06 23315
3.34549e+06 23395
3.35679e+06 23474.1
3.36812e+06 23553.3
3.38e+06 23636.3
3.3912e+06 23714.7
3.40198e+06 23790.1
3.4135e+06 23870.6
3.42489e+06 23950.3
3.4357e+06 24025.9
3.44662e+06 24102.3
3.45814e+06 24182.8
3.47041e+06 24268.6
3.48216e+06 24350.8
3.49421e+06 24435
3.50621e+06 24519
3.51769e+06 24428.4
3.52936e+06 24509.5
3.54081e+06 24588.9
3.55321e+06 24675.1
3.56469e+06 24754.8
3.57652e+06 24836.9
3.5881e+06 24917.4
3.60017e+06 25001.2
3.6119e+06 25082.6
3.62392e+06 25166.1
3.6356e+06 25247.2
3.64764e+06 25156.2
3.65983e+06 25240.2
3.67178e+06 25322.6
3.68404e+06 25407.1
3.69646e+06 25492.8
3.70835e+06 25574.8
3.72065e+06 25659.6
3.73303e+06 25745
3.74537e+06 25830.1
3.75726e+06 25734.7
3.76958e+06 25819.1
3.78179e+06 25902.7
3.79462e+06 25990.6
3.80587e+06 26067.6
3.81832e+06 26152.9
3.83087e+06 26238.9
3.84391e+06 26328.2
3.85646e+06 26414.1
3.86936e+06 26502.5
3.88204e+06 26589.3
3.8943e+06 26673.3
3.90742e+06 26763.1
3.91983e+06 26848.1
3.93272e+06 26936.4
3.94498e+06 27020.4
3.95749e+06 27106.1
3.9704e+06 27194.5
3.98421e+06 27289.1
3.99681e+06 27375.4
4.00958e+06 27462.9
4.02269e+06 27365.2
4.03491e+06 27448.4
4.04809e+06 27538
4.06152e+06 27442.7
4.07449e+06 27530.3
4.08762e+06 27619
4.10091e+06 27708.8
4.11399e+06 27797.2
4.12688e+06 27512.5
4.14089e+06 27605.9
4.15424e+06 27694.9
4.16807e+06 27787.1
4.18112e+06 27874.1
4.19499e+06 27966.6
4.20922e+06 28061.5
4.22326e+06 28155.1
4.23699e+06 28246.6
4.25055e+06 28337
4.26421e+06 28428
4.27869e+06 28524.6
4.29265e+06 28617.7
4.30634e+06 28708.9
4.32033e+06 28802.2
4.33399e+06 28893.3
4.34749e+06 28983.3
4.36202e+06 29080.1
4.37622e+06 29174.8
4.39086e+06 29272.4
4.40502e+06 29366.8
4.41876e+06 29458.4
4.43294e+06 29552.9
4.4466e+06 29644
4.46088e+06 29739.2
4.47546e+06 29443.8
4.48963e+06 29537
4.50419e+06 29248
4.51838e+06 29340.1
4.53277e+06 29433.5
4.5475e+06 29529.2
4.56224e+06 29624.9
4.57738e+06 29723.2
4.5913e+06 29813.7
4.60635e+06 29911.4
4.6212e+06 30007.8
4.63595e+06 30103.5
4.65064e+06 30198.9
4.66552e+06 30295.6
4.6805e+06 30392.8
4.69532e+06 30489.1
4.7109e+06 30590.2
4.72619e+06 30689.5
4.7415e+06 30788.9
4.75689e+06 30888.9
4.77147e+06 30983.6
4.78688e+06 31083.6
4.80296e+06 31188
4.81861e+06 31289.7
4.83384e+06 31388.5
4.84847e+06 31483.6
4.86411e+06 31585.1
4.88041e+06 31691
4.89592e+06 31791.7
4.91145e+06 31892.5
4.92728e+06 31788.9
4.94302e+06 31890.4
4.95794e+06 31986.7
4.97353e+06 32087.3
4.98921e+06 32188.4
5.00564e+06 32294.4
5.02012e+06 32387.9
5.03625e+06 32491.9
5.05273e+06 32598.3
5.06858e+06 32700.5
5.085e+06 32806.5
5.10174e+06 32914.4
5.1178e+06 33018
5.13363e+06 33120.2
5.15013e+06 33226.7
5.16677e+06 33334
5.18362e+06 33442.7
5.20013e+06 33549.2
5.21651e+06 33654.9
5.23301e+06 33761.4
5.24998e+06 33870.8
5.26726e+06 33982.3
5.28323e+06 34085.3
5.29943e+06 34189.8
5.31656e+06 34300.4
5.33327e+06 34408.2
5.34941e+06 34512.3
5.36667e+06 34623.7
5.38381e+06 34734.2
5.40094e+06 34844.8
5.41833e+06 34957
5.43442e+06 35060.7
5.45104e+06 35168
5.46814e+06 35278.3
5.48496e+06 35386.8
5.50122e+06 35491.7
5.51886e+06 35605.5
5.53509e+06 35710.3
5.55297e+06 35825.6
5.57023e+06 35937
5.58776e+06 36050.1
5.60484e+06 36160.2
5.62237e+06 36273.4
5.63922e+06 36148.8
5.65664e+06 36260.5
5.67436e+06 36374.1
5.69206e+06 36487.5
5.70986e+06 36601.7
5.72795e+06 36717.6
5.74571e+06 36831.5
5.76338e+06 36709.4
5.78154e+06 36825.1
5.79927e+06 36938.1
5.81737e+06 37053.3
5.83499e+06 37165.5
5.85294e+06 37279.9
5.87111e+06 37395.6
5.8889e+06 37508.9
5.90667e+06 37384
5.92511e+06 37500.7
5.94336e+06 37616.2
5.9621e+06 37497.5
5.98035e+06 37612.3
5.99888e+06 37728.8
6.01708e+06 37843.3
6.03568e+06 37960.3
6.05427e+06 38077.2
6.0732e+06 37957.5
6.09257e+06 38078.6
6.11089e+06 38193.1
6.1279e+06 38299.4
6.14726e+06 38420.4
6.16646e+06 38540.4
6.18591e+06 38661.9
6.2047e+06 38779.4
6.22392e+06 38899.5
6.24388e+06 39024.2
6.26354e+06 38904
6.28312e+06 39025.6
6.3024e+06 39145.4
6.3209e+06 39260.2
6.34108e+06 39385.6
6.36016e+06 39504.1
6.37989e+06 39626.7
6.39862e+06 39743
6.41866e+06 39867.5
6.43824e+06 39989.1
6.45663e+06 40103.3
6.47632e+06 40225.6
6.49525e+06 40343.2
6.51608e+06 40472.6
6.53578e+06 40344.3
6.55706e+06 40475.7
6.57695e+06 40598.4
6.59698e+06 40722.1
6.61716e+06 40846.7
6.63844e+06 40978
6.65895e+06 41104.6
6.67973e+06 41232.9
6.69999e+06 41358
6.72031e+06 41483.4
6.74108e+06 41611.6
6.76058e+06 41732
6.78096e+06 41857.8
6.80106e+06 41981.8
6.82146e+06 42107.8
6.84239e+06 42237
6.86326e+06 42365.8
6.88396e+06 42493.6
6.9059e+06 42629
6.92659e+06 42756.7
6.9474e+06 42885.2
6.96781e+06 43011.2
6.98982e+06 43147.1
7.01068e+06 43275.8
7.03116e+06 43402.2
7.05127e+06 43526.4
7.07201e+06 43654.4
7.09279e+06 43782.7
7.11443e+06 43916.2
7.13568e+06 44047.4
7.15741e+06 44181.6
7.17843e+06 44311.3
7.1999e+06 44443.8
7.22156e+06 44577.5
7.24369e+06 44714.1
7.26463e+06 44843.4
7.28724e+06 44982.9
7.3088e+06 45116.1
7.33103e+06 45253.3
7.35296e+06 45388.6
7.37519e+06 45525.9
7.39703e+06 45660.7
7.41929e+06 45798.1
7.44185e+06 45937.3
7.46358e+06 46071.5
7.48639e+06 46212.3
7.50842e+06 46348.2
7.53085e+06 46486.7
7.55251e+06 46620.4
7.5752e+06 46760.5
7.59715e+06 46896
7.61863e+06 47028.6
7.64161e+06 47170.4
7.66375e+06 47307.1
7.68646e+06 47447.3
7.70976e+06 47591.1
7.73358e+06 47738.1
7.75676e+06 47881.2
7.77949e+06 48021.6
7.80355e+06 48170.1
7.82695e+06 48314.5
7.85092e+06 48462.5
7.87422e+06 48606.3
7.89705e+06 48747.2
7.91998e+06 48888.7
7.94443e+06 49039.7
7.96806e+06 49185.5
7.99126e+06 49328.7
8.01491e+06 49474.7
8.03884e+06 49622.5
8.06228e+06 49461.9
8.08474e+06 49599.7
8.1089e+06 49747.8
8.1321e+06 49890.2
8.15607e+06 50037.3
8.18012e+06 50184.8
8.20418e+06 50332.4
8.22901e+06 50484.7
8.25299e+06 50631.9
8.27679e+06 50777.8
8.3005e+06 50923.3
8.32513e+06 50763
8.34949e+06 50911.5
8.37355e+06 51058.2
8.39765e+06 51205.2
8.42296e+06 51359.5
8.44826e+06 51513.8
8.47249e+06 51661.5
8.49951e+06 51826.3
8.52391e+06 51975.1
8.54827e+06 52123.6
8.57322e+06 52275.8
8.59883e+06 52431.9
8.62375e+06 52583.9
8.64984e+06 52742.9
8.67559e+06 52900
8.7005e+06 53051.9
8.72646e+06 53210.1
8.75204e+06 53366.1
8.77683e+06 53192.9
8.80163e+06 53343.2
8.82762e+06 53500.7
8.85274e+06 53653
8.87722e+06 53801.3
8.90318e+06 53958.7
8.93008e+06 54121.7
8.95564e+06 54276.6
8.98166e+06 54434.3
9.00762e+06 54591.7
9.03494e+06 54757.2
9.06175e+06 54919.7
9.08744e+06 55075.4
9.11499e+06 55242.4
9.14207e+06 55406.5
9.16823e+06 55565.1
9.19448e+06 55388.5
9.22026e+06 55543.8
9.24693e+06 55704.4
9.27424e+06 55868.9
9.30098e+06 56030
9.32842e+06 56195.3
9.35581e+06 56360.3
9.38264e+06 56521.9
9.40992e+06 56686.3
9.43653e+06 56846.6
9.46313e+06 57006.8
9.49042e+06 57171.2
9.51867e+06 57341.4
9.54685e+06 57511.1
9.57481e+06 57679.6
9.60275e+06 57847.9
9.63051e+06 58015.1
9.65875e+06 58185.3
9.68775e+06 58360
9.71585e+06 58529.2
9.74337e+06 58695
9.77076e+06 58860
9.79828e+06 59025.8
9.82618e+06 59193.9
9.85346e+06 59358.2
9.8815e+06 59527.1
9.9089e+06 59692.2
9.93756e+06 59506.4
9.96573e+06 59319.8
9.9948e+06 59492.9
1.00229e+07 59660.2
1.00526e+07 59837.1
1.00813e+07 59652.7
1.01106e+07 59826.3
1.01395e+07 59997
1.01688e+07 60170.2
1.01975e+07 60340.3
1.02284e+07 60522.8
1.02573e+07 60337
1.02855e+07 60503
1.03149e+07 60675.6
1.03442e+07 60848.5
1.03746e+07 61026.9
1.04036e+07 60839.8
1.04319e+07 61005.1
1.04606e+07 61173
1.04904e+07 61347.5
1.052e+07 61520.5
1.05506e+07 61699.2
1.05806e+07 61875
1.06099e+07 62046.1
1.06402e+07 62223.3
1.06704e+07 62400.2
1.07006e+07 62576.8
1.07312e+07 62755.4
1.07617e+07 62933.6
1.07919e+07 63110.7
1.08227e+07 63290.6
1.08539e+07 63473.2
1.08844e+07 63651.3
1.09148e+07 63829.2
1.09461e+07 64012.4
1.09763e+07 64189.1
1.10074e+07 64370.6
1.10392e+07 64556.9
1.10695e+07 64733.9
1.10998e+07 64911.4
1.11302e+07 65088.7
1.11613e+07 65270.9
1.11927e+07 65454.2
1.12251e+07 65644.1
1.12561e+07 65825.3
1.12885e+07 66014.5
1.132e+07 66198.8
1.13521e+07 66386.4
1.13845e+07 66575.9
1.14164e+07 66762.3
1.14486e+07 66950.6
1.14818e+07 67145.3
1.15143e+07 66943.3
1.15461e+07 67128.2
1.15789e+07 67319.4
1.16097e+07 67498.1
1.16422e+07 67687.1
1.16751e+07 67486.4
1.17075e+07 67284.4
1.17411e+07 67477.9
1.17737e+07 67665
1.18054e+07 67847
1.1839e+07 68040.1
1.18721e+07 68230.6
1.19065e+07 68428.2
1.19397e+07 68618.8
1.19739e+07 68815.3
1.20067e+07 69004
1.2039e+07 69189.9
1.20731e+07 69385.5
1.21056e+07 69572.3
1.21389e+07 69763.9
1.21719e+07 69953.2
1.2205e+07 70143.9
1.22396e+07 70342.2
1.22741e+07 70540.6
1.23078e+07 70734.4
1.23429e+07 70936.1
1.23776e+07 71135.5
1.24108e+07 71326.3
1.24453e+07 71524.9
1.24807e+07 71727.9
1.25145e+07 71922.4
1.25503e+07 72128
1.25842e+07 71910
1.26194e+07 72110.9
1.26547e+07 72312.5
1.26894e+07 72511
1.27242e+07 72709.7
1.27583e+07 72904.6
1.27944e+07 73110.9
1.28297e+07 73312.4
1.2865e+07 73514.5
1.29015e+07 73723
1.29373e+07 73507.2
1.29733e+07 73711.7
1.30089e+07 73914
1.30449e+07 74118.5
1.30799e+07 74317.5
1.31153e+07 74518.8
1.31517e+07 74725.8
1.31872e+07 74927.3
1.32229e+07 75130.1
1.32585e+07 75332.6
1.32957e+07 75543.7
1.33314e+07 75746.7
1.33671e+07 75949.5
1.34044e+07 76161.1
1.34401e+07 76364
1.34766e+07 76571.5
1.35135e+07 76781
1.35498e+07 76987.7
1.3588e+07 77204.7
1.36248e+07 77413.4
1.36623e+07 77626.6
1.36996e+07 77838.8
1.37358e+07 78044.3
1.37718e+07 78249.1
1.38086e+07 78457.9
1.38451e+07 78665.4
1.38823e+07 78876.6
1.39206e+07 79094.1
1.39589e+07 79312
1.39966e+07 79525.9
1.40342e+07 79740
1.40717e+07 79952.7
1.41103e+07 80172.1
1.41485e+07 80389
1.41866e+07 80605.6
1.4225e+07 80824
1.42639e+07 81044.6
1.43028e+07 81266
1.43415e+07 81486
1.43804e+07 81706.9
1.44193e+07 81927.9
1.44576e+07 82145.2
1.44958e+07 82362.3
1.45358e+07 82589.5
1.45733e+07 82802.9
1.46118e+07 83021.4
1.46506e+07 83242
1.46902e+07 83467
1.47303e+07 83694.6
1.47698e+07 83919.3
1.48089e+07 84141.3
1.48481e+07 84364
1.48881e+07 84113.5
1.49282e+07 84340.4
1.49671e+07 84559.7
1.50063e+07 84781.2
1.5046e+07 85005.9
1.50853e+07 85227.8
1.51271e+07 85464.1
1.51682e+07 85696.2
1.52085e+07 85441.2
1.52483e+07 85664.8
1.52895e+07 85896
1.53287e+07 86116.5
1.53687e+07 86340.9
1.54096e+07 86570.6
1.54516e+07 86806.5
1.5492e+07 87033.7
1.55347e+07 87273.7
1.5577e+07 87511.2
1.56195e+07 87750.2
1.5661e+07 87983
1.57031e+07 88219.8
1.57455e+07 88457.8
1.57865e+07 88688.2
1.58297e+07 88930.6
1.58727e+07 88674.1
1.59142e+07 88906.3
1.59563e+07 89141.6
1.59979e+07 89373.5
1.60412e+07 89615.5
1.60827e+07 89847.7
1.61263e+07 90091
1.61691e+07 89828.4
1.62118e+07 90065.6
1.62545e+07 90302.6
1.62983e+07 90545.9
1.63418e+07 90787.5
1.63853e+07 91029.5
1.64276e+07 91264.7
1.64721e+07 91511.9
1.65164e+07 91758
1.65607e+07 92003.9
1.66054e+07 92252.3
1.66509e+07 91993.8
1.6696e+07 91736.4
1.67387e+07 91970.7
1.67825e+07 92211.5
1.6826e+07 92450.3
1.68705e+07 92694.8
1.69142e+07 92935.1
1.69578e+07 93174.9
1.70024e+07 93420
1.70472e+07 93666
1.70905e+07 93904.1
1.71335e+07 94140.1
1.71778e+07 94383.8
1.72244e+07 94639.6
1.72702e+07 94891.1
1.7316e+07 95142.9
1.73622e+07 95396.8
1.74069e+07 95642.3
1.74531e+07 95896.1
1.74979e+07 96142.5
1.75445e+07 96398.4
1.75886e+07 96640.7
1.76336e+07 96887.8
1.76801e+07 97143.3
1.77266e+07 97399
1.77728e+07 97652.9
1.78188e+07 97905.2
1.78641e+07 98154.1
1.79088e+07 98400
1.7956e+07 98659.5
1.80026e+07 98915.1
1.80494e+07 99172.5
1.80947e+07 99421.4
1.81404e+07 99672.6
1.81866e+07 99926.4
1.82326e+07 100179
1.8281e+07 100445
1.83276e+07 100701
1.83754e+07 100964
1.84214e+07 101217
1.8468e+07 101472
1.85155e+07 101733
1.85636e+07 101998
1.86113e+07 102260
1.86604e+07 102530
1.87079e+07 102791
1.8756e+07 103055
1.88048e+07 103323
1.88528e+07 103587
1.89015e+07 103854
1.89501e+07 104121
1.89997e+07 104394
1.90488e+07 104664
1.90983e+07 104936
1.91475e+07 105206
1.9195e+07 105467
1.92437e+07 105734
1.92922e+07 106001
1.93415e+07 106272
1.93913e+07 106545
1.94413e+07 106820
1.94909e+07 106508
1.95409e+07 106781
1.95911e+07 107055
1.96422e+07 107334
1.96922e+07 107608
1.97424e+07 107882
1.9794e+07 108164
1.98448e+07 108442
1.98949e+07 108715
1.9944e+07 108984
1.9995e+07 109262
2.00463e+07 108947
2.00987e+07 108641
2.01486e+07 108911
2.01994e+07 109186
2.02501e+07 109460
2.03008e+07 109734
2.03537e+07 110020
2.04054e+07 110299
2.04556e+07 110571
2.05065e+07 110846
2.05598e+07 111134
2.06141e+07 110828
2.0665e+07 111102
2.07171e+07 111382
2.07686e+07 111659
2.08214e+07 111943
2.08745e+07 112228
2.09267e+07 112509
2.09783e+07 112787
2.10326e+07 113078
2.10862e+07 113367
2.11385e+07 113648
2.11924e+07 113938
2.12446e+07 113608
2.12984e+07 113895
2.13515e+07 114179
2.14061e+07 114471
2.14608e+07 114153
2.15157e+07 114445
2.1569e+07 114729
2.16238e+07 115020
2.16778e+07 115308
2.17303e+07 115587
2.17846e+07 115875
2.18389e+07 116164
2.18941e+07 116458
2.19498e+07 116754
2.20038e+07 117042
2.20604e+07 117342
2.2115e+07 117633
2.21695e+07 117923
2.22242e+07 117588
2.22813e+07 117890
2.23379e+07 118190
2.23932e+07 117859
2.24505e+07 117542
2.25067e+07 117836
2.25634e+07 118133
2.26196e+07 117810
2.26754e+07 118101
2.27315e+07 118393
2.27892e+07 118694
2.28453e+07 118986
2.29039e+07 119291
2.29617e+07 119592
2.3019e+07 119890
2.30758e+07 120187
2.31343e+07 120491
2.31918e+07 120791
2.32491e+07 121089
2.33063e+07 121387
2.33649e+07 121692
2.34214e+07 121354
2.34795e+07 121656
2.35343e+07 121939
2.35922e+07 122240
2.36506e+07 122542
2.37098e+07 122849
2.37684e+07 123152
2.38265e+07 123454
2.38846e+07 123116
2.39433e+07 123419
2.40039e+07 123731
2.40633e+07 124038
2.41222e+07 123073
2.418e+07 123367
2.42393e+07 123670
2.42983e+07 123971
2.43567e+07 124269
2.44154e+07 124568
2.44743e+07 124869
2.45349e+07 125178
2.45943e+07 125481
2.46547e+07 125151
2.47145e+07 125454
2.47746e+07 125760
2.48357e+07 126069
2.48958e+07 126375
2.49576e+07 126688
2.50186e+07 126356
2.50806e+07 126670
2.51419e+07 126979
2.52019e+07 127282
2.52621e+07 127586
2.53218e+07 127888
2.5382e+07 128192
2.54456e+07 128513
2.55077e+07 128827
2.55693e+07 129138
2.56323e+07 129456
2.56941e+07 129768
2.5756e+07 130081
2.58193e+07 130401
2.58821e+07 130717
2.59448e+07 131034
2.60082e+07 131354
2.60724e+07 131679
2.61351e+07 131996
2.61994e+07 132320
2.62623e+07 132638
2.63249e+07 132954
2.6388e+07 133273
2.64522e+07 133597
2.65148e+07 133913
2.65783e+07 134234
2.66409e+07 133874
2.6707e+07 134206
2.67718e+07 134532
2.6836e+07 134854
2.68991e+07 135171
2.69646e+07 135500
2.70289e+07 135824
2.70944e+07 136153
2.71592e+07 136478
2.72249e+07 136808
2.72888e+07 137129
2.73534e+07 137455
2.74178e+07 137778
2.74804e+07 138093
2.75495e+07 138440
2.76149e+07 138768
2.76823e+07 139107
2.77474e+07 138737
2.78145e+07 139072
2.78803e+07 139402
2.79473e+07 139737
2.80134e+07 140067
2.8081e+07 140405
2.81475e+07 140738
2.82141e+07 141070
2.82813e+07 141406
2.83499e+07 141750
2.84168e+07 142084
2.84846e+07 142423
2.8552e+07 142760
2.86178e+07 142377
2.86834e+07 142704
2.87523e+07 143046
2.88216e+07 143391
2.88881e+07 143722
2.89567e+07 144063
2.90249e+07 144402
2.90945e+07 144749
2.91645e+07 145097
2.92332e+07 144719
2.93031e+07 145065
2.93733e+07 145412
2.94432e+07 145758
2.95103e+07 145371
2.95768e+07 145699
2.96459e+07 146039
2.97162e+07 146385
2.97858e+07 146728
2.98557e+07 147072
2.99253e+07 147415
2.99954e+07 147761
3.00642e+07 148099
3.01336e+07 148441
3.02052e+07 148794
3.02742e+07 148403
3.03451e+07 148750
3.04157e+07 149097
3.04871e+07 149447
3.05569e+07 149789
3.06296e+07 150145
3.07013e+07 150497
3.07734e+07 150850
3.08439e+07 151195
3.09149e+07 151544
3.09874e+07 151899
3.10605e+07 152258
3.11326e+07 152611
3.12052e+07 152967
3.12771e+07 153319
3.13501e+07 153677
3.14235e+07 154037
3.14982e+07 154403
3.15705e+07 154757
3.16442e+07 155118
3.1716e+07 155471
3.179e+07 155833
3.18645e+07 156198
3.19376e+07 156557
3.20122e+07 156923
3.2086e+07 157284
3.21607e+07 157650
3.22344e+07 158012
3.23081e+07 158373
3.23839e+07 158744
3.24591e+07 159113
3.25345e+07 159483
3.26107e+07 159856
3.26856e+07 160224
3.27609e+07 160593
3.28361e+07 160961
3.29107e+07 161327
3.29855e+07 161694
3.30606e+07 162062
3.31364e+07 162433
3.32116e+07 162802
3.32876e+07 163175
3.33653e+07 163555
3.344e+07 163921
3.35159e+07 164293
3.35906e+07 164660
3.36662e+07 165031
3.37434e+07 165409
3.38181e+07 165775
3.38961e+07 166157
3.39734e+07 166536
3.40499e+07 167734
3.41299e+07 168128
3.42065e+07 168505
3.4284e+07 168886
3.43609e+07 169266
3.4439e+07 169650
3.4515e+07 170024
3.45903e+07 170395
3.46692e+07 170784
3.47464e+07 171164
3.48248e+07 171551
3.49034e+07 171938
3.49817e+07 172324
3.50584e+07 172702
3.51365e+07 173086
3.52148e+07 173472
3.52926e+07 173855
3.53721e+07 174247
3.54531e+07 174646
3.55332e+07 175040
3.56127e+07 175432
3.56927e+07 175826
3.57715e+07 176214
3.58536e+07 176619
3.5936e+07 177025
3.60173e+07 177425
3.60959e+07 177812
3.61779e+07 178216
3.62598e+07 178620
3.63421e+07 179025
3.6424e+07 179428
3.65055e+07 179830
3.65855e+07 180224
3.6669e+07 180636
3.67502e+07 181035
3.68325e+07 180551
3.69143e+07 180953
3.69953e+07 181350
3.70768e+07 181749
3.71606e+07 181271
3.72448e+07 181682
3.73268e+07 182082
3.74102e+07 182489
3.74932e+07 182894
3.75765e+07 183300
3.76599e+07 183707
3.77431e+07 184113
3.78283e+07 184528
3.79122e+07 184937
3.79935e+07 185334
3.80758e+07 185736
3.81584e+07 186138
3.824e+07 186537
3.83255e+07 186953
3.84108e+07 187370
3.84977e+07 187794
3.85814e+07 188202
3.8667e+07 188619
3.8754e+07 189044
3.88404e+07 189465
3.89262e+07 189884
3.90118e+07 189378
3.90956e+07 188868
3.91821e+07 189286
3.92664e+07 189693
3.93527e+07 190110
3.94391e+07 189611
3.95254e+07 190026
3.96111e+07 190438
3.96981e+07 190856
3.97857e+07 191278
3.98715e+07 191690
3.99603e+07 192117
4.00468e+07 192533
4.0132e+07 192942
4.02222e+07 193376
4.03109e+07 193802
4.03998e+07 194230
4.04859e+07 194644
4.05737e+07 195066
4.0662e+07 195490
4.07512e+07 195919
4.08402e+07 196347
4.09268e+07 196764
4.10154e+07 197190
4.11039e+07 197615
4.1195e+07 198053
4.12871e+07 198496
4.13736e+07 198912
4.14635e+07 199344
4.15511e+07 198809
4.16411e+07 199240
4.17308e+07 199669
4.18213e+07 200102
4.19122e+07 200537
4.20014e+07 200964
4.209e+07 201387
4.21805e+07 201820
4.22715e+07 202256
4.23596e+07 202678
4.24536e+07 203127
4.25455e+07 202597
4.2637e+07 203033
4.27291e+07 203472
4.2819e+07 203900
4.29097e+07 204332
4.30007e+07 204765
4.30945e+07 204239
4.31883e+07 204684
4.3279e+07 205114
4.33703e+07 205546
4.34617e+07 205008
4.35552e+07 205449
4.36505e+07 205898
4.37424e+07 206332
4.38354e+07 206771
4.39289e+07 207212
4.40221e+07 206677
4.41146e+07 207111
4.42089e+07 207553
4.43025e+07 207993
4.43976e+07 208439
4.44922e+07 208884
4.45846e+07 209317
4.46773e+07 209753
4.47717e+07 210196
4.48664e+07 210640
4.49632e+07 211095
4.5061e+07 211554
4.51552e+07 211996
4.525e+07 212442
4.53457e+07 212890
4.54413e+07 213339
4.55359e+07 213784
4.56309e+07 214230
4.57251e+07 214672
4.58202e+07 215118
4.59148e+07 215563
4.60112e+07 216015
4.61083e+07 216471
4.62029e+07 216915
4.63013e+07 217377
4.63969e+07 217826
4.64933e+07 218278
4.6591e+07 218737
4.66864e+07 218161
4.67838e+07 218616
4.6881e+07 219070
4.69796e+07 218510
4.70769e+07 218962
4.71734e+07 219411
4.72696e+07 219858
4.73685e+07 220319
4.74676e+07 220780
4.75662e+07 221238
4.7666e+07 221703
4.7766e+07 222167
4.7863e+07 222619
4.79615e+07 223077
4.80597e+07 223534
4.81586e+07 223994
4.82583e+07 224457
4.83556e+07 224910
4.84534e+07 225364
4.85537e+07 225831
4.8651e+07 226284
4.87479e+07 226735
4.88462e+07 227192
4.89451e+07 227652
4.90452e+07 227061
4.91449e+07 227523
4.92455e+07 226938
4.93416e+07 227381
4.94434e+07 227850
4.95436e+07 227264
4.96428e+07 227719
4.97399e+07 228165
4.98389e+07 228619
4.99392e+07 229079
5.00415e+07 229548
5.01429e+07 230013
5.02467e+07 230489
5.03472e+07 230950
5.0448e+07 231413
5.05514e+07 231887
5.0655e+07 232362
5.07593e+07 232841
5.0862e+07 233312
5.09638e+07 233779
5.10667e+07 234251
5.117e+07 234725
5.12708e+07 235187
5.13746e+07 235663
5.14771e+07 236134
5.1579e+07 236601
5.16825e+07 237076
5.17842e+07 237542
5.18868e+07 238013
5.19892e+07 238483
5.20921e+07 238955
5.21946e+07 239425
5.22968e+07 239894
5.24e+07 240367
5.25034e+07 239741
5.26091e+07 240224
5.27131e+07 240699
5.28174e+07 241175
5.29208e+07 241648
5.30241e+07 242119
5.31287e+07 242597
5.32317e+07 243067
5.33335e+07 243532
5.34374e+07 244006
5.35412e+07 243369
5.36442e+07 243837
5.37499e+07 244318
5.38556e+07 244798
5.39597e+07 245271
5.40646e+07 245748
5.41689e+07 245108
5.42728e+07 245578
5.43769e+07 246050
5.44838e+07 246533
5.45909e+07 247018
5.46944e+07 247486
5.48004e+07 247966
5.49041e+07 248435
5.50074e+07 248902
5.51106e+07 249369
5.52151e+07 249842
5.53214e+07 250323
5.5426e+07 250797
5.55329e+07 251280
5.56395e+07 251762
5.57466e+07 252247
5.58508e+07 251580
5.59569e+07 252058
5.6063e+07 252536
5.61678e+07 253008
5.62718e+07 253477
5.638e+07 253964
5.64881e+07 254451
5.6596e+07 253794
5.67012e+07 254265
5.68083e+07 254746
5.69159e+07 255228
5.70245e+07 255715
5.71306e+07 256191
5.7238e+07 255527
5.73457e+07 256007
5.74527e+07 256485
5.75613e+07 256970
5.76677e+07 257445
5.77766e+07 257931
5.78833e+07 258407
5.79927e+07 258896
5.81007e+07 259378
5.82089e+07 259861
5.83181e+07 260349
5.84277e+07 260838
5.85332e+07 261309
5.86407e+07 261789
5.8746e+07 262259
5.88561e+07 262751
5.89657e+07 263240
5.90725e+07 263717
5.91806e+07 264199
5.929e+07 264688
5.93974e+07 265167
5.95045e+07 265645
5.96128e+07 267322
5.97221e+07 266616
5.98296e+07 267096
5.99388e+07 267584
6.0048e+07 268071
6.01584e+07 267371
6.02666e+07 267852
6.03766e+07 268340
6.04877e+07 268834
6.05979e+07 269324
6.07064e+07 269806
6.0816e+07 270293
6.09264e+07 270784
6.10362e+07 271272
6.11477e+07 271767
6.12562e+07 272250
6.13658e+07 272737
6.14769e+07 273230
6.15832e+07 273703
6.16922e+07 274188
6.1805e+07 274689
6.19165e+07 275184
6.20234e+07 275659
6.21335e+07 276149
6.22438e+07 276639
6.23564e+07 277140
6.24675e+07 277633
6.25789e+07 278128
6.26919e+07 278631
6.28044e+07 280377
6.29147e+07 280869
6.30242e+07 281358
6.31357e+07 281856
6.32472e+07 282353
6.33554e+07 282837
6.34672e+07 283336
6.35788e+07 283834
6.36917e+07 284338
6.38008e+07 284825
6.39104e+07 285314
6.40211e+07 285809
6.41319e+07 286303
6.42445e+07 286806
6.43553e+07 287300
6.44637e+07 287784
6.45738e+07 288276
6.46849e+07 288772
6.47959e+07 289267
6.49081e+07 288481
6.50193e+07 288975
6.51319e+07 289475
6.5243e+07 289969
6.53532e+07 290459
6.5467e+07 288401
6.55801e+07 288899
6.56933e+07 288128
6.58053e+07 288620
6.59189e+07 287855
6.60284e+07 288334
6.61394e+07 288818
6.62515e+07 289308
6.63642e+07 289800
6.64767e+07 290291
6.65903e+07 290788
6.6706e+07 291293
6.68192e+07 291787
6.69322e+07 292280
6.70456e+07 292775
6.71607e+07 293278
6.7272e+07 293764
6.73852e+07 292979
6.74987e+07 293472
6.76146e+07 293976
6.77254e+07 294458
6.78381e+07 294948
6.79522e+07 295444
6.80627e+07 295925
6.81754e+07 296415
6.82892e+07 296910
6.84043e+07 297410
6.85199e+07 296623
6.86376e+07 297132
6.87515e+07 297625
6.88665e+07 298123
6.89802e+07 297328
6.90948e+07 297823
6.92072e+07 298307
6.93221e+07 298802
6.94357e+07 298007
6.95478e+07 298488
6.96634e+07 298985
6.97776e+07 299475
6.98923e+07 299967
7.00065e+07 300457
7.01211e+07 300949
7.02343e+07 301435
7.03502e+07 301932
7.04627e+07 302415
7.05775e+07 302908
7.06878e+07 303381
7.08022e+07 302573
7.09191e+07 303073
7.10338e+07 302271
7.11507e+07 302769
7.12642e+07 303252
7.13765e+07 303730
7.14905e+07 304215
7.16059e+07 304706
7.17211e+07 305196
7.18392e+07 305699
7.19509e+07 306174
7.20651e+07 306660
7.21801e+07 307149
7.22944e+07 307636
7.24082e+07 308120
7.25248e+07 308616
7.26386e+07 309100
7.27555e+07 309598
7.2869e+07 310081
7.29847e+07 310573
7.31014e+07 311070
7.32175e+07 311564
7.33337e+07 312058
7.34496e+07 312551
7.35649e+07 313042
7.3682e+07 313540
7.37964e+07 314027
7.3912e+07 313186
7.40284e+07 313680
7.41435e+07 314167
7.42573e+07 314650
7.43722e+07 315136
7.4488e+07 315627
7.46042e+07 316120
7.472e+07 316610
7.4835e+07 317097
7.49525e+07 317596
7.50691e+07 318090
7.51877e+07 318592
7.53053e+07 319090
7.54214e+07 319582
7.55393e+07 320082
7.56546e+07 320570
7.57663e+07 321044
7.58812e+07 321531
7.59965e+07 322019
7.61121e+07 322509
7.62286e+07 323003
7.63457e+07 323499
7.6464e+07 324000
7.65799e+07 324491
7.66953e+07 324980
7.68124e+07 325476
