51 1.02
51 1.02
51 1.02
53 1.06
54 1.08
58 1.16
58 1.16
60 1.2
61 1.22
61 1.22
66 1.32
67 1.34
69 1.38
71 1.42
73 1.46
74 1.48
75 1.5
75 1.5
78 1.56
79 1.58
80 1.6
83 1.66
81 1.62
81 1.62
82 1.64
82 1.64
84 1.68
85 1.7
87 1.74
88 1.76
88 1.76
89 1.78
92 1.84
94 1.88
95 1.9
94 1.88
94 1.88
97 1.94
98 1.96
98 1.96
97 1.94
101 2.02
102 2.04
103 2.06
105 2.1
108 2.16
111 2.22
115 2.3
118 2.36
122 2.44
122 2.44
123 2.46
125 2.5
126 2.52
128 2.56
131 2.62
132 2.64
133 2.66
139 2.78
139 2.78
146 2.92
147 2.94
149 2.98
148 2.96
151 3.02
154 3.08
156 3.12
158 3.16
162 3.24
166 3.32
171 3.42
177 3.54
184 3.68
184 3.68
187 3.74
190 3.8
194 3.88
198 3.96
201 4.02
203 4.06
199 3.98
204 4.08
205 4.1
208 4.16
212 4.24
216 4.32
218 4.36
218 4.36
221 4.42
223 4.46
227 4.54
234 4.68
237 4.74
239 4.78
241 4.82
244 4.88
247 4.94
249 4.98
249 4.98
252 5.04
255 5.1
259 5.18
261 5.22
262 5.24
266 5.32
270 5.4
275 5.5
281 5.62
282 5.64
284 5.68
289 5.78
294 5.88
297 5.94
303 6.06
303 6.06
309 6.18
316 6.32
317 6.34
318 6.36
322 6.44
321 6.42
325 6.5
329 6.58
329 6.58
334 6.68
332 6.64
334 6.68
337 6.74
342 6.84
348 6.96
352 7.04
359 7.18
359 7.18
364 7.28
366 7.32
369 7.38
370 7.4
374 7.48
376 7.52
375 7.5
372 7.44
374 7.48
382 7.64
390 7.8
398 7.96
410 8.2
410 8.2
414 8.28
420 8.4
424 8.48
428 8.56
434 8.68
434 8.68
439 8.78
442 8.84
449 8.98
455 9.1
454 9.08
457 9.14
456 9.12
458 9.16
462 9.24
468 9.36
474 9.48
478 9.56
484 9.68
490 9.8
498 9.96
503 10.06
507 10.14
504 10.08
507 10.14
510 10.2
515 10.3
513 10.26
520 10.4
526 10.52
526 10.52
541 10.82
556 11.12
560 11.2
559 11.18
561 11.22
558 11.16
565 11.3
565 11.3
573 11.46
575 11.5
574 11.48
582 11.64
587 11.74
590 11.8
592 11.84
602 12.04
612 12.24
617 12.34
628 12.56
633 12.66
638 12.76
644 12.88
648 12.96
657 13.14
668 13.36
673 13.46
682 13.64
685 13.7
685 13.7
693 13.86
691 13.82
707 14.14
709 14.18
712 14.24
715 14.3
721 14.42
727 14.54
732 14.64
732 14.64
735 14.7
741 14.82
745 14.9
752 15.04
755 15.1
756 15.12
750 15
751 15.02
764 15.28
771 15.42
773 15.46
778 15.56
786 15.72
793 15.86
797 15.94
797 15.94
804 16.08
813 16.26
823 16.46
821 16.42
832 16.64
839 16.78
850 17
864 17.28
887 17.74
887 17.74
887 17.74
894 17.88
901 18.02
906 18.12
914 18.28
913 18.26
922 18.44
935 18.7
942 18.84
950 19
950 19
948 18.96
957 19.14
974 19.48
985 19.7
1003 20.06
1012 20.24
1025 20.5
1035 20.7
1039 20.78
1058 21.16
1072 21.44
1075 21.5
1080 21.6
1088 21.76
1089 21.78
1097 21.94
1110 22.2
1129 22.58
1146 22.92
1152 23.04
1157 23.14
1163 23.26
1171 22.9608
1179 23.1176
1191 23.3529
1211 23.7451
1209 23.7059
1214 23.8039
1223 23.9804
1224 24
1245 24.4118
1255 24.6078
1261 24.7255
1265 24.8039
1280 25.098
1293 25.3529
1294 25.3725
1319 25.8627
1334 26.1569
1356 26.5882
1371 26.8824
1389 27.2353
1400 27.451
1413 27.7059
1423 27.902
1429 27.4808
1439 27.6731
1439 27.6731
1445 27.7885
1455 27.9808
1469 28.25
1481 28.4808
1491 28.6731
1497 28.7885
1498 28.8077
1517 29.1731
1514 29.1154
1525 29.3269
1539 29.5962
1543 29.6731
1553 29.8654
1565 30.0962
1561 30.0192
1565 30.0962
1571 30.2115
1567 30.1346
1574 30.2692
1580 30.3846
1592 30.6154
1619 31.1346
1634 31.4231
1652 31.7692
1648 31.6923
1651 31.75
1675 32.2115
1691 32.5192
1698 32.6538
1702 32.7308
1713 32.9423
1715 32.9808
1727 33.2115
1740 33.4615
1732 33.3077
1736 33.3846
1744 33.5385
1756 33.7692
1767 33.9808
1772 33.434
1783 33.6415
1792 33.8113
1786 33.6981
1803 34.0189
1808 34.1132
1821 34.3585
1834 34.6038
1851 34.9245
1859 35.0755
1870 35.283
1879 35.4528
1886 35.5849
1893 35.717
1898 35.8113
1920 36.2264
1959 36.9623
1960 36.9811
1975 37.2642
1998 37.6981
2005 37.8302
2021 38.1321
2022 38.1509
2022 37.4444
2034 37.6667
2050 37.963
2052 38
2050 37.963
2072 38.3704
2074 38.4074
2090 38.7037
2101 38.9074
2123 39.3148
2132 39.4815
2142 39.6667
2143 39.6852
2160 40
2187 40.5
2206 40.8519
2244 41.5556
2270 42.037
2277 42.1667
2287 42.3519
2310 42.7778
2317 42.9074
2329 43.1296
2355 43.6111
2364 43.7778
2358 43.6667
2373 43.9444
2387 44.2037
2397 44.3889
2417 44.7593
2438 45.1481
2442 45.2222
2438 45.1481
2446 45.2963
2457 45.5
2478 45.8889
2494 46.1852
2501 46.3148
2508 46.4444
2517 46.6111
2527 46.7963
2557 47.3519
2583 47.8333
2607 48.2778
2607 48.2778
2597 48.0926
2607 48.2778
2626 48.6296
2650 49.0741
2655 49.1667
2654 49.1481
2665 49.3519
2695 49.9074
2710 50.1852
2722 49.4909
2736 49.7455
2751 50.0182
2761 50.2
2770 50.3636
2800 50.9091
2820 51.2727
2847 51.7636
2851 51.8364
2867 52.1273
2880 52.3636
2907 52.8545
2924 53.1636
2920 53.0909
2920 53.0909
2952 53.6727
2964 53.8909
2975 54.0909
2998 53.5357
3019 53.9107
3011 53.7679
3019 53.9107
3035 54.1964
3063 54.6964
3075 54.9107
3085 55.0893
3093 55.2321
3114 55.6071
3131 55.9107
3150 56.25
3164 56.5
3192 57
3199 57.125
3213 57.375
3223 57.5536
3259 58.1964
3270 58.3929
3282 58.6071
3315 59.1964
3361 60.0179
3382 60.3929
3402 60.75
3424 61.1429
3435 61.3393
3433 61.3036
3454 61.6786
3454 61.6786
3465 61.875
3512 62.7143
3518 62.8214
3537 63.1607
3552 63.4286
3568 63.7143
3577 63.875
3590 64.1071
3622 64.6786
3628 64.7857
3657 65.3036
3659 65.3393
3668 65.5
3680 65.7143
3719 66.4107
3720 66.4286
3736 66.7143
3750 66.9643
3790 67.6786
3814 68.1071
3838 68.5357
3859 68.9107
3872 69.1429
3877 69.2321
3882 69.3214
3918 69.9643
3911 69.8393
3918 69.9643
3915 69.9107
3932 70.2143
3964 70.7857
3997 71.375
4008 71.5714
4048 72.2857
4070 72.6786
4083 72.9107
4126 73.6786
4142 73.9643
4155 74.1964
4184 74.7143
4205 75.0893
4231 75.5536
4246 75.8214
4286 76.5357
4320 77.1429
4327 77.2679
4328 77.2857
4339 77.4821
4354 77.75
4372 78.0714
4389 78.375
4377 78.1607
4397 78.5179
4430 79.1071
4450 79.4643
4500 80.3571
4529 80.875
4578 81.75
4594 82.0357
4624 82.5714
4654 83.1071
4683 83.625
4672 83.4286
4656 83.1429
4629 82.6607
4650 83.0357
4675 83.4821
4689 83.7321
4712 84.1429
4738 84.6071
4772 85.2143
4794 85.6071
4811 85.9107
4832 86.2857
4846 86.5357
4851 86.625
4876 87.0714
4902 87.5357
4919 87.8393
4938 88.1786
4943 88.2679
4963 88.625
4998 89.25
5009 89.4464
5046 90.1071
5070 90.5357
5078 90.6786
5105 91.1607
5135 91.6964
5152 92
5156 92.0714
5167 92.2679
5198 92.8214
5241 93.5893
5219 93.1964
5250 93.75
5279 94.2679
5279 94.2679
5308 94.7857
5308 94.7857
5327 95.125
5349 95.5179
5394 96.3214
5399 96.4107
5410 96.6071
5437 97.0893
5435 97.0536
5468 97.6429
5481 97.875
5498 98.1786
5509 98.375
5548 99.0714
5576 99.5714
5599 99.9821
5606 100.107
5628 100.5
5640 100.714
5668 101.214
5662 101.107
5688 101.571
5717 102.089
5752 102.714
5744 102.571
5783 103.268
5771 103.054
5781 103.232
5832 104.143
5873 104.875
5887 105.125
5887 105.125
5904 105.429
5917 105.661
5941 106.089
5947 106.196
5953 106.304
5972 106.643
5986 106.893
5999 107.125
6026 107.607
6043 107.911
6081 108.589
6143 109.696
6174 110.25
6216 111
6276 112.071
6280 112.143
6324 112.929
6371 113.768
6389 114.089
6389 114.089
6409 114.446
6432 114.857
6454 115.25
6485 115.804
6490 115.893
6489 115.875
6545 116.875
6603 117.911
6604 117.929
6631 118.411
6664 119
6687 119.411
6710 119.821
6679 119.268
6716 119.929
6734 120.25
6773 120.946
6823 121.839
6851 122.339
6860 122.5
6877 122.804
6908 123.357
6894 123.107
6947 124.054
6991 124.839
7028 125.5
7072 126.286
7086 126.536
7106 126.893
7147 127.625
7177 128.161
7224 129
7238 129.25
7271 129.839
7292 130.214
7324 130.786
7342 131.107
7373 131.661
7381 131.804
7447 132.982
7478 133.536
7493 133.804
7522 134.321
7572 135.214
7575 135.268
7602 135.75
7652 136.643
7691 137.339
7760 138.571
7767 138.696
7791 139.125
7812 139.5
7860 140.357
7887 140.839
7896 141
7917 141.375
7942 141.821
7961 142.161
7977 142.446
8025 143.304
8055 143.839
8065 144.018
8120 145
8126 145.107
8172 145.929
8167 145.839
8179 146.054
8183 146.125
8204 146.5
8229 146.946
8259 147.482
8277 147.804
8317 148.518
8348 149.071
8353 149.161
8378 149.607
8396 149.929
8435 150.625
8452 150.929
8451 150.911
8484 151.5
8516 152.071
8560 152.857
8592 153.429
8656 154.571
8678 154.964
8688 155.143
8732 155.929
8733 155.946
8767 156.554
8801 157.161
8838 157.821
8883 158.625
8897 158.875
8917 159.232
8944 159.714
8983 160.411
9005 160.804
8963 160.054
9032 161.286
9053 161.661
9073 159.175
9111 159.842
9159 160.684
9198 161.368
9204 161.474
9271 162.649
9273 162.684
9281 162.825
9288 162.947
9322 163.544
9338 163.825
9374 164.456
9427 165.386
9461 165.982
9468 166.105
9481 166.333
9503 166.719
9524 167.088
9521 167.035
9563 164.879
9578 165.138
9660 166.552
9690 167.069
9730 167.759
9817 169.259
9822 169.345
9841 169.672
9845 169.741
9879 170.328
9894 170.586
9912 170.897
9963 171.776
10029 172.914
10037 173.052
10079 173.776
10122 174.517
10127 174.603
10169 175.328
10219 176.19
10273 177.121
10344 178.345
10351 178.466
10385 179.052
10414 179.552
10463 180.397
10503 181.086
10508 181.172
10545 181.81
10573 182.293
10612 182.966
10658 183.759
10687 184.259
10725 184.914
10761 185.534
10791 186.052
10793 186.086
10818 186.517
10868 187.379
10923 188.328
10982 186.136
11017 186.729
11049 187.271
11052 187.322
11075 187.712
11138 188.78
11206 189.932
11259 190.831
11294 191.424
11327 191.983
11395 193.136
11450 194.068
11484 194.644
11542 195.627
11553 195.814
11585 196.356
11584 196.339
11581 196.288
11596 196.542
11609 196.763
11641 197.305
11711 198.492
11718 198.61
11784 199.729
11857 200.966
11900 201.695
11937 202.322
11967 202.831
12046 204.169
12098 205.051
12121 205.441
12151 205.949
12207 206.898
12231 207.305
12273 208.017
12294 208.373
12360 209.492
12391 210.017
12440 210.847
12496 211.797
12596 213.492
12618 213.864
12676 214.847
12712 215.458
12738 215.898
12810 217.119
12875 218.22
12943 219.373
13021 220.695
13073 221.576
13091 221.881
13100 222.034
13130 222.542
13163 223.102
13208 223.864
13210 223.898
13305 225.508
13329 225.915
13409 227.271
13447 227.915
13522 229.186
13551 229.678
13578 230.136
13597 230.458
13665 231.61
13695 232.119
13728 232.678
13785 233.644
13814 234.136
13837 234.525
13871 235.102
13933 236.153
13945 236.356
14024 237.695
14074 238.542
14132 239.525
14128 239.458
14186 240.441
14200 240.678
14289 242.186
14319 242.695
14384 243.797
14419 244.39
14434 244.644
14519 246.085
14521 246.119
14580 247.119
14638 248.102
14717 249.441
14741 249.847
14795 250.763
14863 251.915
14925 252.966
14941 253.237
14976 253.831
15037 254.864
15103 255.983
15158 256.915
15168 257.085
15191 257.475
15247 258.424
15318 259.627
15377 260.627
15398 260.983
15459 262.017
15503 262.763
15567 263.847
15660 265.424
15647 265.203
15703 266.153
15686 265.864
15771 267.305
15789 267.61
15848 268.61
15925 269.915
15998 271.153
16070 272.373
16082 272.576
16126 273.322
16188 274.373
16324 276.678
16351 277.136
16407 278.085
16458 278.949
16494 279.559
16513 279.881
16531 280.186
16596 281.288
16647 277.45
16662 277.7
16708 278.467
16802 280.033
16924 282.067
16972 282.867
17007 283.45
17055 284.25
17112 285.2
17194 286.567
17252 287.533
17334 288.9
17368 289.467
17408 290.133
17433 290.55
17463 291.05
17554 292.567
17608 293.467
17663 294.383
17711 295.183
17737 295.617
17756 295.933
17818 296.967
17928 298.8
17988 299.8
18064 301.067
18081 301.35
18130 302.167
18203 303.383
18214 303.567
18232 303.867
18324 305.4
18328 305.467
18351 305.85
18381 306.35
18409 306.817
18453 307.55
18536 308.933
18554 309.233
18601 310.017
18697 311.617
18723 312.05
18812 313.533
18889 314.817
18955 315.917
19029 317.15
19076 317.933
19139 318.983
19159 319.317
19172 319.533
19206 320.1
19253 320.883
19297 321.617
19340 322.333
19441 324.017
19533 325.55
19546 325.767
19555 325.917
19583 326.383
19613 326.883
19628 327.133
19684 328.067
19725 328.75
19820 330.333
19897 331.617
19879 331.317
19956 332.6
20026 333.767
20151 335.85
20216 336.933
20296 338.267
20338 338.967
20398 339.967
20465 341.083
20477 341.283
20467 341.117
20523 342.05
20561 342.683
20653 344.217
20707 345.117
20815 346.917
20885 348.083
20903 348.383
20975 349.583
20998 349.967
21062 351.033
21102 351.7
21188 353.133
21307 355.117
21347 355.783
21411 356.85
21404 356.733
21473 357.883
21564 359.4
21573 359.55
21662 361.033
21751 362.517
21816 363.6
21839 363.983
21900 365
21935 365.583
21980 366.333
22004 366.733
22113 368.55
22194 369.9
22277 371.283
22365 372.75
22404 373.4
22440 374
22515 375.25
22575 376.25
22627 377.117
22704 378.4
22772 379.533
22868 381.133
22888 381.467
22942 382.367
23057 384.283
23085 384.75
23168 386.133
23235 380.902
23304 382.033
23383 383.328
23462 384.623
23535 385.82
23549 386.049
23627 387.328
23621 387.23
23643 387.59
23676 388.131
23746 389.279
23788 389.967
23795 390.082
23831 390.672
23894 391.705
23935 392.377
24034 394
24106 395.18
24209 396.869
24279 398.016
24366 399.443
24395 399.918
24445 400.738
24518 401.934
24557 402.574
24599 403.262
24661 404.279
24699 404.902
24731 405.426
24783 406.279
24854 407.443
24980 409.508
25060 410.82
25078 411.115
25092 411.344
25209 413.262
25297 414.705
25405 416.475
25517 418.311
25576 419.279
25591 412.758
25612 413.097
25689 414.339
25753 415.371
25818 416.419
25928 418.194
26000 419.355
26069 420.468
26154 421.839
26305 424.274
26402 425.839
26490 427.258
26538 428.032
26605 429.113
26687 430.435
26754 431.516
26854 433.129
26886 433.645
26962 434.871
27092 436.968
27147 437.855
27251 439.532
27342 441
27452 442.774
27537 444.145
27711 446.952
27760 447.742
27812 448.581
27882 449.71
27982 451.323
28080 452.903
28153 454.081
28218 455.129
28250 455.645
28321 456.79
28399 458.048
28437 458.661
28528 460.129
28543 460.371
28570 460.806
28668 462.387
28725 463.306
28797 464.468
28856 465.419
28918 466.419
28999 467.726
29134 469.903
29250 471.774
29299 472.565
29478 475.452
29526 476.226
29549 476.597
29575 477.016
29555 469.127
29703 471.476
29742 472.095
29854 473.873
29944 475.302
30003 468.797
30053 469.578
30160 471.25
30245 472.578
30340 474.062
30404 475.062
30487 476.359
30562 477.531
30614 478.344
30702 479.719
30776 480.875
30805 481.328
30929 483.266
30991 484.234
31129 486.391
31221 487.828
31330 489.531
31409 490.766
31504 484.677
31538 485.2
31594 486.062
31717 487.954
31762 488.646
31887 490.569
31927 491.185
32027 492.723
32109 493.985
32139 494.446
32218 495.662
32264 496.369
32310 497.077
32333 497.431
32416 498.708
32455 499.308
32530 500.462
32656 502.4
32662 502.492
32691 502.938
32828 505.046
32903 506.2
33027 508.108
33161 510.169
33318 512.585
33333 512.815
33495 515.308
33612 517.108
33692 518.338
33713 518.662
33754 519.292
33883 521.277
33989 522.908
34090 524.462
34212 526.338
34303 527.738
34431 529.708
34495 530.692
34692 533.723
34727 534.262
34760 534.769
34873 536.508
35060 539.385
35179 541.215
35245 542.231
35366 544.092
35468 545.662
35560 547.077
35606 547.785
35677 548.877
35724 549.6
35778 550.431
35793 550.662
35888 552.123
36043 554.508
36060 554.769
36208 557.046
36231 557.4
36308 558.585
36434 560.523
36547 562.262
36679 564.292
36732 565.108
36779 565.831
36923 568.046
37013 569.431
37143 571.431
37248 573.046
37262 573.262
37350 574.615
37395 575.308
37400 575.385
37429 575.831
37553 577.738
37568 577.969
37696 579.938
37774 581.138
37846 582.246
37979 584.292
38065 585.615
38199 587.677
38333 589.738
38407 590.877
38506 592.4
38621 594.169
38744 596.062
38850 597.692
38925 598.846
39007 600.108
39139 602.138
39257 603.954
39275 604.231
39332 605.108
39488 607.508
39589 609.062
39772 611.877
39924 614.215
39919 614.138
40017 615.646
40155 617.769
40202 618.492
40345 620.692
40418 621.815
40491 622.938
40581 624.323
40612 624.8
40732 626.646
40798 627.662
40868 619.212
41033 621.712
41085 622.5
41158 623.606
41185 624.015
41278 625.424
41296 625.697
41397 627.227
41497 628.742
41608 630.424
41739 632.409
41852 634.121
42011 636.53
42088 637.697
42209 639.53
42397 642.379
42427 642.833
42579 645.136
42570 645
42748 647.697
42867 649.5
42948 650.727
43114 653.242
43213 654.742
43321 656.379
43449 658.318
43566 660.091
43761 663.045
43830 664.091
43949 665.894
43992 666.545
44107 668.288
44209 669.833
44291 671.076
44420 673.03
44567 675.258
44604 675.818
44653 676.561
44814 679
44898 680.273
44966 681.303
45090 683.182
45234 685.364
45349 687.106
45415 688.106
45600 690.909
45753 693.227
45857 694.803
46006 697.061
46131 698.955
46271 701.076
46349 702.258
46500 704.545
46568 705.576
46697 707.53
46831 709.561
46882 710.333
46969 711.652
47094 713.545
47229 715.591
47329 717.106
47393 718.076
47487 719.5
47697 722.682
47907 725.864
48027 727.682
48198 730.273
48345 732.5
48470 734.394
48626 736.758
48709 738.015
48799 739.379
48889 740.742
48978 742.091
49065 743.409
49240 746.061
49405 748.561
49433 748.985
49610 751.667
49637 752.076
49793 754.439
49951 756.833
50029 758.015
50252 761.394
50329 762.561
50402 763.667
50550 765.909
50778 769.364
50957 772.076
51094 774.152
51276 776.909
51456 779.636
51562 781.242
51641 782.439
51832 785.333
52045 788.561
52160 790.303
52303 792.47
52411 794.106
52526 795.848
52576 796.606
52748 799.212
52841 800.621
52961 802.439
53074 804.152
53207 806.167
53229 806.5
53389 808.924
53545 811.288
53755 814.47
53896 816.606
53992 805.851
54072 807.045
54185 808.731
54292 810.328
54367 811.448
54531 813.896
54659 815.806
54824 818.269
55033 821.388
55250 824.627
55402 826.896
55502 828.388
55603 829.896
55874 833.94
56023 836.164
56167 838.313
56269 839.836
56425 842.164
56545 843.955
56737 846.821
56768 847.284
56826 848.149
56965 850.224
57056 851.582
57169 853.269
57328 855.642
57397 856.672
57557 859.06
57639 860.284
57751 861.955
57776 862.328
57944 864.836
58003 865.716
58059 866.552
58242 869.284
58403 871.687
58551 873.896
58722 876.448
58869 878.642
59066 881.582
59195 883.507
59397 886.522
59510 888.209
59584 889.313
59775 892.164
59780 892.239
59878 893.701
60040 896.119
60254 899.313
60395 901.418
60568 904
60665 905.448
60890 908.806
61023 910.791
61230 913.881
61395 916.343
61545 918.582
61721 921.209
61898 923.851
61981 925.09
62116 927.104
62205 928.433
62332 930.328
62478 932.507
62608 934.448
62750 936.567
62879 938.493
63014 940.507
63216 943.522
63377 945.925
63504 947.821
63549 948.493
63650 950
63751 951.507
63955 940.515
64183 943.868
64429 947.485
64489 948.368
64651 950.75
64911 954.574
65131 957.809
65245 959.485
65350 961.029
65508 963.353
65660 965.588
65824 968
65905 969.191
66021 970.897
66119 972.338
66332 947.6
66488 949.829
66635 951.929
66846 954.943
67066 958.086
67279 961.129
67527 964.671
67732 967.6
67829 968.986
67987 971.243
68297 975.671
68493 978.471
68608 980.114
68729 981.843
68978 985.4
69218 988.829
69318 990.257
69486 992.657
69651 995.014
69840 997.714
70127 1001.81
70217 1003.1
70424 1006.06
70602 1008.6
70822 1011.74
70833 1011.9
71020 1014.57
71197 1017.1
71361 1019.44
71453 1020.76
71740 1024.86
71959 1027.99
72124 1030.34
72309 1032.99
72530 1036.14
72668 1038.11
72809 1040.13
73065 1043.79
73263 1046.61
73512 1050.17
73627 1051.81
73759 1053.7
73936 1056.23
74137 1059.1
74368 1062.4
74537 1064.81
74673 1066.76
74798 1068.54
74996 1071.37
75188 1074.11
75489 1078.41
75644 1080.63
76005 1085.79
76151 1087.87
76402 1091.46
76477 1092.53
76739 1096.27
76918 1098.83
77036 1100.51
77166 1102.37
77426 1106.09
77646 1109.23
77909 1112.99
78084 1115.49
78235 1117.64
78421 1120.3
78528 1121.83
78717 1124.53
78895 1127.07
79075 1129.64
79251 1132.16
79304 1132.91
79587 1136.96
79735 1139.07
79921 1141.73
80071 1143.87
80227 1146.1
80320 1147.43
80500 1150
80694 1152.77
80811 1154.44
80946 1156.37
81207 1160.1
81448 1163.54
81651 1166.44
81920 1170.29
82203 1174.33
82336 1176.23
82461 1178.01
82762 1182.31
82888 1184.11
83084 1186.91
83339 1190.56
83442 1192.03
83624 1194.63
83902 1198.6
84163 1202.33
84386 1205.51
84601 1208.59
84689 1209.84
84911 1213.01
85107 1215.81
85318 1218.83
85441 1220.59
85477 1221.1
85655 1223.64
85881 1226.87
85984 1228.34
86104 1230.06
86390 1234.14
86481 1218.04
86644 1220.34
86870 1223.52
87014 1208.53
87087 1209.54
87298 1212.47
87469 1214.85
87634 1217.14
87816 1219.67
87965 1221.74
88164 1224.5
88298 1226.36
88485 1228.96
88787 1233.15
89081 1237.24
89300 1240.28
89582 1244.19
89842 1247.81
90137 1251.9
90335 1254.65
90473 1256.57
90753 1260.46
90987 1263.71
91160 1266.11
91437 1269.96
91665 1273.12
91871 1275.99
92158 1279.97
92459 1284.15
92684 1287.28
92983 1291.43
93192 1294.33
93459 1298.04
93635 1300.49
93893 1304.07
94126 1307.31
94308 1309.83
94503 1312.54
94733 1297.71
94889 1299.85
95043 1301.96
95236 1304.6
95592 1309.48
95852 1313.04
95976 1314.74
96304 1319.23
96635 1323.77
96877 1327.08
97114 1330.33
97381 1333.99
97616 1337.21
97829 1340.12
98101 1343.85
98274 1346.22
98572 1350.3
98642 1351.26
98804 1353.48
99028 1356.55
99267 1359.82
99468 1362.58
99635 1364.86
99702 1365.78
100017 1370.1
100205 1372.67
100477 1376.4
100748 1380.11
101029 1383.96
101277 1387.36
101487 1390.23
101705 1393.22
101877 1395.58
102113 1398.81
102243 1400.59
102462 1403.59
102651 1406.18
102892 1409.48
103111 1412.48
103408 1416.55
103689 1420.4
103942 1423.86
104282 1428.52
104567 1432.42
104906 1437.07
105040 1438.9
105203 1441.14
105377 1443.52
105489 1445.05
105792 1449.21
106020 1452.33
106146 1454.05
106438 1458.05
106698 1461.62
106957 1465.16
107192 1468.38
107427 1471.6
107766 1476.25
108021 1479.74
108284 1483.34
108353 1484.29
108479 1486.01
108672 1488.66
108983 1492.92
109222 1496.19
109384 1498.41
109598 1501.34
109773 1503.74
109979 1506.56
110234 1510.05
110391 1512.21
110565 1514.59
110691 1516.32
110990 1520.41
111191 1523.16
111419 1526.29
111778 1531.21
112117 1535.85
112213 1537.16
112555 1521.01
112870 1525.27
113129 1528.77
113375 1532.09
113550 1534.46
113822 1538.14
114050 1541.22
114431 1546.36
114755 1550.74
114969 1553.64
115241 1557.31
115563 1561.66
115803 1564.91
116065 1568.45
116413 1573.15
116476 1574
116669 1576.61
116931 1580.15
117186 1583.59
117526 1588.19
117785 1591.69
118151 1596.64
118369 1599.58
118590 1602.57
118781 1605.15
119026 1608.46
119251 1611.5
119664 1617.08
119873 1619.91
120147 1623.61
120431 1627.45
120687 1630.91
120890 1633.65
121125 1636.82
121506 1641.97
121765 1645.47
121830 1646.35
121972 1648.27
122318 1652.95
122556 1656.16
122814 1659.65
122909 1660.93
123144 1664.11
123439 1668.09
123683 1671.39
123950 1675
124173 1678.01
124514 1682.62
124760 1685.95
125089 1690.39
125294 1693.16
125677 1698.34
125932 1701.78
126234 1705.86
126590 1710.68
127099 1717.55
127261 1719.74
127545 1723.58
127833 1727.47
128187 1732.26
128558 1737.27
128783 1740.31
129009 1743.36
129278 1747
129392 1748.54
129621 1751.64
130071 1757.72
130470 1763.11
130680 1765.95
130884 1768.7
131284 1774.11
131701 1779.74
131971 1783.39
132414 1789.38
132456 1789.95
132700 1793.24
133058 1798.08
133336 1801.84
133726 1807.11
133943 1810.04
134305 1814.93
134523 1817.88
134775 1821.28
135154 1826.41
135333 1828.82
135766 1834.68
136022 1838.14
136222 1840.84
136467 1844.15
136681 1847.04
136927 1850.36
137336 1855.89
137627 1859.82
137927 1863.88
138249 1868.23
138643 1848.57
139038 1853.84
139189 1855.85
139438 1859.17
139648 1861.97
139789 1863.85
139954 1866.05
140223 1869.64
140679 1875.72
141118 1881.57
141313 1884.17
141763 1865.3
142111 1869.88
142385 1873.49
142775 1878.62
143233 1884.64
143602 1889.5
143790 1891.97
144053 1895.43
144382 1899.76
144724 1904.26
145091 1909.09
145381 1912.91
145723 1917.41
145977 1920.75
146348 1925.63
146549 1928.28
146823 1931.88
147054 1934.92
147373 1939.12
147652 1942.79
147940 1946.58
148312 1951.47
148703 1956.62
148987 1960.36
149285 1964.28
149651 1969.09
150050 1974.34
150362 1978.45
150739 1983.41
151162 1988.97
151505 1993.49
151823 1997.67
152020 2000.26
152346 2004.55
152651 2008.57
152993 2013.07
153371 2018.04
153626 2021.39
154048 2026.95
154388 2031.42
154579 2033.93
154982 2039.24
155417 2044.96
155831 2050.41
156227 2055.62
156550 2059.87
156853 2063.86
157215 2068.62
157481 2072.12
157805 2076.38
158197 2081.54
158651 2087.51
158762 2088.97
158971 2091.72
159139 2093.93
159364 2096.89
159778 2102.34
159982 2105.03
160073 2106.22
160221 2108.17
160907 2117.2
161174 2120.71
161649 2126.96
161903 2130.3
162167 2133.78
162474 2137.82
162738 2141.29
163024 2145.05
163368 2149.58
163694 2153.87
163990 2157.76
164450 2163.82
164895 2169.67
165283 2174.78
165739 2180.78
166205 2186.91
166650 2192.76
166826 2195.08
167233 2200.43
167652 2205.95
167961 2210.01
168293 2214.38
168682 2219.5
168937 2222.86
169296 2227.58
169692 2232.79
169839 2234.72
170273 2240.43
170570 2244.34
171010 2250.13
171355 2254.67
171587 2257.72
171985 2262.96
172355 2267.83
172649 2271.7
172908 2275.11
173248 2279.58
173537 2253.73
174059 2260.51
174596 2267.48
174927 2271.78
175447 2278.53
175932 2284.83
176346 2290.21
176807 2296.19
177184 2301.09
177476 2304.88
177884 2310.18
178324 2315.9
178712 2320.94
179264 2328.1
179731 2334.17
180206 2310.33
180545 2314.68
181036 2320.97
181443 2326.19
181851 2331.42
182371 2338.09
182818 2343.82
183093 2347.35
183555 2353.27
184032 2359.38
184495 2365.32
184846 2369.82
185219 2374.6
185590 2379.36
185998 2384.59
186345 2389.04
186784 2394.67
187059 2398.19
187519 2404.09
188036 2410.72
188407 2415.47
188833 2420.94
189191 2425.53
189784 2433.13
190275 2439.42
190786 2445.97
191273 2452.22
191582 2456.18
192063 2462.35
192307 2465.47
192629 2469.6
193088 2475.49
193272 2477.85
193594 2481.97
193868 2485.49
194246 2490.33
194713 2496.32
195328 2504.21
195684 2508.77
196024 2513.13
196590 2520.38
197117 2527.14
197323 2529.78
197727 2534.96
198073 2539.4
198460 2544.36
198734 2547.87
199289 2554.99
199748 2560.87
200083 2565.17
200553 2571.19
200913 2543.2
201349 2548.72
201929 2556.06
202228 2559.85
202628 2564.91
203010 2569.75
203443 2575.23
203910 2581.14
204395 2587.28
204844 2592.96
205193 2597.38
205883 2606.11
206433 2613.08
207038 2620.73
207381 2625.08
207702 2629.14
208383 2637.76
208795 2642.97
209133 2647.25
209780 2655.44
210077 2659.2
210531 2664.95
210975 2670.57
211418 2676.18
211694 2679.67
212102 2684.84
212567 2690.72
212918 2695.16
213316 2700.2
213688 2704.91
214198 2711.37
214599 2716.44
214963 2721.05
215381 2726.34
215908 2733.01
216414 2739.42
216811 2744.44
217063 2747.63
217447 2752.49
218103 2760.8
218565 2766.65
219153 2774.09
219623 2780.04
220076 2785.77
220577 2792.11
221322 2801.54
221854 2808.28
222453 2815.86
223125 2824.37
223547 2829.71
223899 2834.16
224449 2841.13
224809 2845.68
225464 2853.97
226134 2862.46
226645 2868.92
227029 2873.78
227622 2881.29
228058 2886.81
228776 2895.9
229317 2902.75
229828 2909.22
230312 2915.34
230785 2921.33
231351 2928.49
231913 2935.61
232580 2944.05
232954 2948.78
233548 2956.3
234104 2963.34
234722 2971.16
235174 2976.89
235708 2983.65
236117 2988.82
236634 2995.37
237171 3002.16
237550 3006.96
238058 3013.39
238652 3020.91
239302 3029.14
239794 3035.37
240510 3044.43
240919 3049.61
241501 3056.97
242000 3063.29
242598 3070.86
243221 3078.75
243729 3085.18
244332 3092.81
244856 3099.44
245520 3107.85
246017 3114.14
246362 3118.51
246771 3123.68
247281 3130.14
247732 3135.85
248141 3141.03
248402 3144.33
249031 3152.29
